173641,0.0,1.0
170149,0.0,1.0
172876,0.0,1.0
78343,0.0,1.0
102571,0.0,0.0
102054,0.0,0.0
101776,0.0,0.0
120071,0.0,1.0
102584,0.0,0.0
101940,0.0,0.0
193461,0.0,1.0
100651,0.0,0.0
101908,0.0,0.0
102086,0.0,0.0
168790,0.0,1.0
102078,0.0,0.0
226799,0.0,1.0
102712,0.0,0.0
216758,0.0,1.0
39601,0.0,1.0
101514,0.0,0.0
13939,0.0,1.0
100253,0.0,0.0
167838,0.0,1.0
101120,0.0,0.0
146201,0.0,1.0
101724,0.0,0.0
89171,0.0,1.0
100299,0.0,0.0
161796,0.0,1.0
108419,0.0,1.0
100171,0.0,0.0
18763,0.0,1.0
100656,0.0,0.0
10115,0.0,0.0
74336,0.0,1.0
9112,0.0,1.0
100902,0.0,0.0
265024,0.0,1.0
144561,0.0,1.0
101166,0.0,0.0
100650,0.0,0.0
334969,0.0,1.0
100203,0.0,0.0
100105,0.0,0.0
100740,0.0,0.0
174976,0.0,1.0
99635,0.0,1.0
84188,0.0,1.0
110500,0.0,1.0
100221,0.0,0.0
250081,0.0,1.0
101236,0.0,0.0
100743,0.0,0.0
51180,0.0,1.0
100800,0.0,0.0
107766,0.0,1.0
101051,0.0,0.0
338054,0.0,1.0
151979,0.0,1.0
41951,0.0,1.0
101608,0.0,0.0
100767,0.0,0.0
102500,0.0,0.0
211655,0.0,1.0
102100,0.0,0.0
139045,0.0,1.0
298806,0.0,1.0
100774,0.0,0.0
66381,0.0,1.0
100349,0.0,0.0
206743,0.0,1.0
130762,0.0,1.0
101400,0.0,0.0
317629,0.0,1.0
145569,0.0,1.0
38827,0.0,1.0
100079,0.0,0.0
56794,0.0,1.0
211015,0.0,1.0
313713,0.0,1.0
281588,0.0,1.0
10127,0.0,0.0
187557,0.0,1.0
10040,0.0,0.0
100273,0.0,0.0
9261,0.0,1.0
102420,0.0,0.0
303777,0.0,1.0
10158,0.0,0.0
100863,0.0,0.0
70713,0.0,1.0
182765,0.0,1.0
102517,0.0,0.0
334476,0.0,1.0
101149,0.0,0.0
121487,0.0,1.0
9170,0.0,1.0
310707,0.0,1.0
102786,0.0,0.0
338002,0.0,1.0
334119,0.0,1.0
100118,0.0,0.0
102122,0.0,0.0
190594,0.0,1.0
118621,0.0,1.0
101767,0.0,0.0
100522,0.0,0.0
100070,0.0,0.0
100199,0.0,0.0
265498,0.0,1.0
195969,0.0,1.0
102550,0.0,0.0
101858,0.0,0.0
102140,0.0,0.0
267653,0.0,1.0
50390,0.0,1.0
100805,0.0,0.0
90953,0.0,1.0
2761,0.0,1.0
102079,0.0,0.0
100473,0.0,0.0
183349,0.0,1.0
100976,0.0,0.0
48817,0.0,1.0
261645,0.0,1.0
101684,0.0,0.0
15229,0.0,1.0
102442,0.0,0.0
102570,0.0,0.0
31650,0.0,1.0
101935,0.0,0.0
84241,0.0,1.0
102764,0.0,0.0
101330,0.0,0.0
97043,0.0,1.0
100545,0.0,0.0
53000,0.0,1.0
100990,0.0,0.0
102213,0.0,0.0
230825,0.0,1.0
63382,0.0,1.0
101550,0.0,0.0
100687,0.0,1.0
101303,0.0,0.0
237719,0.0,1.0
184482,0.0,1.0
100488,0.0,0.0
251644,0.0,1.0
100189,0.0,0.0
102095,0.0,0.0
122115,0.0,1.0
221950,0.0,1.0
101620,0.0,0.0
101463,0.0,0.0
10272,0.0,0.0
100536,0.0,0.0
100432,0.0,0.0
286279,0.0,1.0
100617,0.0,0.0
221805,0.0,1.0
101820,0.0,0.0
120292,0.0,1.0
100239,0.0,0.0
100246,0.0,0.0
100531,0.0,0.0
100460,0.0,0.0
102699,0.0,0.0
298132,0.0,1.0
281321,0.0,1.0
196096,0.0,1.0
10179,0.0,0.0
100493,0.0,0.0
228326,0.0,1.0
102824,0.0,0.0
101735,0.0,0.0
103944,0.0,1.0
109888,0.0,1.0
102395,0.0,0.0
102174,0.0,0.0
81821,0.0,1.0
204218,0.0,1.0
100781,0.0,0.0
102563,0.0,0.0
242465,0.0,1.0
337533,0.0,1.0
100551,0.0,0.0
136766,0.0,1.0
100562,0.0,0.0
100390,0.0,0.0
100054,0.0,0.0
322831,0.0,1.0
100108,0.0,0.0
179955,0.0,1.0
23622,0.0,1.0
101084,0.0,0.0
100784,0.0,0.0
102813,0.0,0.0
102485,0.0,0.0
101099,0.0,0.0
101103,0.0,0.0
10085,0.0,0.0
101541,0.0,0.0
99120,0.0,1.0
102343,0.0,0.0
101504,0.0,0.0
152501,0.0,1.0
237356,0.0,1.0
102696,0.0,0.0
102464,0.0,0.0
119547,0.0,1.0
100544,0.0,0.0
102039,0.0,0.0
69985,0.0,1.0
65444,0.0,1.0
265770,0.0,1.0
10203,0.0,0.0
100498,0.0,0.0
102374,0.0,0.0
106349,0.0,1.0
101553,0.0,0.0
320496,0.0,1.0
100825,0.0,0.0
102226,0.0,0.0
32093,0.0,1.0
300996,0.0,1.0
102331,0.0,0.0
70868,0.0,1.0
252687,0.0,1.0
101314,0.0,0.0
125765,0.0,1.0
289009,0.0,1.0
102380,0.0,0.0
301466,0.0,1.0
19568,0.0,1.0
287285,0.0,1.0
101124,0.0,0.0
307556,0.0,1.0
161990,0.0,1.0
232583,0.0,1.0
10155,0.0,0.0
100331,0.0,0.0
100630,0.0,0.0
305773,0.0,1.0
163831,0.0,1.0
101189,0.0,0.0
153668,0.0,1.0
263233,0.0,1.0
284081,0.0,1.0
102355,0.0,0.0
31826,0.0,1.0
337937,0.0,1.0
100443,0.0,0.0
100657,0.0,0.0
266043,0.0,1.0
101999,0.0,0.0
101781,0.0,0.0
211007,0.0,1.0
202029,0.0,1.0
100276,0.0,0.0
10156,0.0,0.0
10260,0.0,0.0
214200,0.0,1.0
101903,0.0,0.0
272146,0.0,1.0
102150,0.0,0.0
296836,0.0,1.0
102543,0.0,0.0
45391,0.0,1.0
100,0.0,0.0
101600,0.0,0.0
101756,0.0,0.0
102350,0.0,0.0
212639,0.0,1.0
102160,0.0,0.0
206290,0.0,1.0
101938,0.0,0.0
102203,0.0,0.0
100458,0.0,0.0
100127,0.0,0.0
100312,0.0,0.0
101394,0.0,0.0
101619,0.0,0.0
165224,0.0,1.0
102191,0.0,0.0
38241,0.0,1.0
253857,0.0,1.0
100172,0.0,0.0
101677,0.0,0.0
214822,0.0,1.0
247487,0.0,1.0
337373,0.0,1.0
101601,0.0,0.0
102282,0.0,0.0
235642,0.0,1.0
10099,0.0,0.0
83829,0.0,1.0
239394,0.0,1.0
324123,0.0,1.0
33319,0.0,1.0
102069,0.0,0.0
100711,0.0,0.0
257437,0.0,1.0
100886,0.0,0.0
101643,0.0,0.0
118105,0.0,1.0
160239,0.0,1.0
10226,0.0,0.0
100689,0.0,0.0
75746,0.0,1.0
69825,0.0,1.0
75313,0.0,1.0
112562,0.0,1.0
58435,0.0,1.0
274269,0.0,1.0
222308,0.0,1.0
177648,0.0,1.0
101130,0.0,0.0
221942,0.0,1.0
102381,0.0,0.0
28617,0.0,1.0
240967,0.0,1.0
10168,0.0,0.0
101162,0.0,0.0
16018,0.0,1.0
101742,0.0,0.0
100238,0.0,0.0
102618,0.0,0.0
100220,0.0,0.0
102560,0.0,0.0
101460,0.0,0.0
10263,0.0,0.0
37869,0.0,1.0
172173,0.0,1.0
101483,0.0,0.0
101933,0.0,0.0
285541,0.0,1.0
4436,0.0,1.0
47073,0.0,1.0
101107,0.0,0.0
100826,0.0,0.0
102416,0.0,0.0
122345,0.0,1.0
67740,0.0,1.0
102780,0.0,0.0
162149,0.0,1.0
26334,0.0,1.0
102819,0.0,1.0
319323,0.0,1.0
1630,0.0,1.0
101075,0.0,0.0
93398,0.0,1.0
30299,0.0,1.0
100468,0.0,0.0
226311,0.0,1.0
189039,0.0,1.0
101844,0.0,0.0
100187,0.0,0.0
313958,0.0,1.0
86471,0.0,1.0
54252,0.0,1.0
10065,0.0,0.0
13690,0.0,1.0
10014,0.0,0.0
62899,0.0,1.0
45060,0.0,1.0
101171,0.0,0.0
100018,0.0,0.0
10180,0.0,0.0
145176,0.0,1.0
100274,0.0,0.0
62408,0.0,1.0
101506,0.0,0.0
294952,0.0,1.0
100255,0.0,0.0
68361,0.0,1.0
66578,0.0,1.0
238604,0.0,1.0
100444,0.0,0.0
100565,0.0,0.0
321472,0.0,1.0
101378,0.0,0.0
37751,0.0,1.0
101794,0.0,0.0
100896,0.0,0.0
102120,0.0,0.0
100647,0.0,0.0
101219,0.0,0.0
101764,0.0,0.0
101027,0.0,0.0
225876,0.0,1.0
100454,0.0,1.0
58743,0.0,1.0
253105,0.0,1.0
177075,0.0,1.0
193526,0.0,1.0
102437,0.0,0.0
98573,0.0,1.0
102313,0.0,0.0
1007,0.0,0.0
75812,0.0,1.0
78799,0.0,1.0
193754,0.0,1.0
100750,0.0,0.0
101495,0.0,0.0
101824,0.0,0.0
101478,0.0,0.0
102490,0.0,0.0
100974,0.0,0.0
126145,0.0,1.0
101487,0.0,0.0
101545,0.0,0.0
102183,0.0,0.0
101437,0.0,0.0
100123,0.0,0.0
101367,0.0,0.0
101757,0.0,0.0
10022,0.0,0.0
100736,0.0,0.0
102585,0.0,0.0
164555,0.0,1.0
102747,0.0,0.0
101241,0.0,0.0
102513,0.0,0.0
60801,0.0,1.0
100538,0.0,0.0
123901,0.0,1.0
115430,0.0,1.0
239990,0.0,1.0
100248,0.0,0.0
214338,0.0,1.0
240947,0.0,1.0
241,0.0,1.0
290480,0.0,1.0
104373,0.0,1.0
100007,0.0,0.0
318957,0.0,1.0
285633,0.0,1.0
100514,0.0,0.0
100708,0.0,0.0
19087,0.0,1.0
238756,0.0,1.0
101455,0.0,0.0
127505,0.0,1.0
234462,0.0,1.0
102247,0.0,0.0
101996,0.0,0.0
101609,0.0,0.0
211781,0.0,1.0
72327,0.0,1.0
171482,0.0,1.0
262114,0.0,1.0
281630,0.0,1.0
101914,0.0,0.0
230740,0.0,1.0
318785,0.0,1.0
100755,0.0,0.0
101195,0.0,0.0
133612,0.0,1.0
10028,0.0,0.0
5474,0.0,1.0
304092,0.0,1.0
299753,0.0,1.0
121300,0.0,1.0
46290,0.0,1.0
100393,0.0,0.0
100550,0.0,0.0
100527,0.0,0.0
261650,0.0,1.0
102592,0.0,0.0
220488,0.0,1.0
100865,0.0,0.0
146810,0.0,1.0
277906,0.0,1.0
267683,0.0,1.0
100177,0.0,0.0
38254,0.0,1.0
100175,0.0,0.0
1025,0.0,0.0
101927,0.0,0.0
63006,0.0,1.0
101593,0.0,0.0
10208,0.0,0.0
101428,0.0,0.0
101852,0.0,0.0
301641,0.0,1.0
311856,0.0,1.0
279801,0.0,1.0
277955,0.0,1.0
132987,0.0,1.0
10033,0.0,0.0
48365,0.0,1.0
100948,0.0,0.0
177528,0.0,1.0
102457,0.0,0.0
100407,0.0,0.0
222203,0.0,1.0
182701,0.0,1.0
100058,0.0,0.0
101057,0.0,0.0
166895,0.0,1.0
101803,0.0,0.0
178257,0.0,1.0
260711,0.0,1.0
100984,0.0,0.0
216252,0.0,1.0
5683,0.0,1.0
101448,0.0,0.0
151665,0.0,1.0
119932,0.0,1.0
101315,0.0,0.0
80600,0.0,1.0
312677,0.0,1.0
102722,0.0,0.0
102135,0.0,0.0
101906,0.0,0.0
101800,0.0,0.0
101564,0.0,0.0
1010,0.0,0.0
100102,0.0,0.0
102498,0.0,0.0
101983,0.0,0.0
162761,0.0,1.0
74267,0.0,1.0
171241,0.0,1.0
260631,0.0,1.0
101725,0.0,0.0
102221,0.0,0.0
287519,0.0,1.0
100512,0.0,0.0
101227,0.0,0.0
100744,0.0,0.0
315743,0.0,1.0
102330,0.0,0.0
325516,0.0,1.0
102047,0.0,0.0
10009,0.0,0.0
100008,0.0,0.0
297209,0.0,1.0
183804,0.0,1.0
111967,0.0,1.0
183013,0.0,1.0
88284,0.0,1.0
102345,0.0,0.0
119156,0.0,1.0
6196,0.0,1.0
10042,0.0,0.0
102576,0.0,0.0
101528,0.0,0.0
284387,0.0,1.0
102603,0.0,0.0
100643,0.0,0.0
101570,0.0,0.0
234599,0.0,1.0
100737,0.0,0.0
101139,0.0,0.0
26788,0.0,1.0
152461,0.0,1.0
100913,0.0,0.0
102658,0.0,0.0
194881,0.0,1.0
101210,0.0,0.0
279062,0.0,1.0
281050,0.0,1.0
281533,0.0,1.0
208145,0.0,1.0
101061,0.0,0.0
301827,0.0,1.0
325919,0.0,1.0
10246,0.0,0.0
100278,0.0,0.0
1,0.0,0.0
13246,0.0,1.0
101250,0.0,0.0
100813,0.0,0.0
193621,0.0,1.0
102245,0.0,0.0
300273,0.0,1.0
151942,0.0,1.0
100666,0.0,0.0
30120,0.0,1.0
270838,0.0,1.0
101383,0.0,0.0
41215,0.0,1.0
101916,0.0,0.0
100495,0.0,0.0
94840,0.0,1.0
102376,0.0,0.0
101193,0.0,0.0
10124,0.0,0.0
101636,0.0,0.0
100639,0.0,0.0
194506,0.0,1.0
172739,0.0,1.0
284531,0.0,1.0
202061,0.0,1.0
101863,0.0,0.0
10252,0.0,0.0
323253,0.0,1.0
224807,0.0,1.0
101814,0.0,0.0
102593,0.0,0.0
102682,0.0,0.0
101175,0.0,0.0
100000,0.0,0.0
330252,0.0,1.0
89597,0.0,1.0
145442,0.0,1.0
6832,0.0,1.0
7798,0.0,1.0
10030,0.0,0.0
198823,0.0,1.0
102630,0.0,0.0
100835,0.0,0.0
125901,0.0,1.0
102243,0.0,0.0
102076,0.0,0.0
10190,0.0,0.0
100235,0.0,0.0
234849,0.0,1.0
282273,0.0,1.0
286797,0.0,1.0
101741,0.0,0.0
107503,0.0,1.0
10029,0.0,0.0
101277,0.0,0.0
10121,0.0,0.0
101955,0.0,0.0
14665,0.0,1.0
12167,0.0,1.0
101064,0.0,0.0
175450,0.0,1.0
34566,0.0,1.0
1011,0.0,0.0
99633,0.0,1.0
209002,0.0,1.0
101080,0.0,0.0
121238,0.0,1.0
102141,0.0,0.0
101132,0.0,0.0
102032,0.0,0.0
100375,0.0,0.0
101867,0.0,0.0
101648,0.0,0.0
101667,0.0,0.0
240248,0.0,1.0
102521,0.0,0.0
102063,0.0,0.0
116867,0.0,1.0
101826,0.0,0.0
239218,0.0,1.0
101762,0.0,0.0
101325,0.0,0.0
22781,0.0,1.0
90098,0.0,1.0
102694,0.0,0.0
306480,0.0,1.0
101662,0.0,0.0
100967,0.0,0.0
195321,0.0,1.0
97089,0.0,1.0
101332,0.0,0.0
102782,0.0,0.0
100197,0.0,0.0
307029,0.0,1.0
102600,0.0,0.0
101340,0.0,0.0
101902,0.0,0.0
26427,0.0,1.0
299179,0.0,1.0
101238,0.0,0.0
101828,0.0,0.0
88665,0.0,1.0
10202,0.0,0.0
54309,0.0,1.0
292415,0.0,1.0
102509,0.0,0.0
284174,0.0,1.0
324830,0.0,1.0
102055,0.0,0.0
100951,0.0,1.0
179569,0.0,1.0
102700,0.0,0.0
100956,0.0,0.0
117845,0.0,1.0
10119,0.0,0.0
100216,0.0,0.0
186893,0.0,1.0
101449,0.0,0.0
244434,0.0,1.0
100231,0.0,0.0
114673,0.0,1.0
241224,0.0,1.0
10250,0.0,0.0
102551,0.0,0.0
224806,0.0,1.0
311748,0.0,1.0
102572,0.0,0.0
244239,0.0,1.0
10095,0.0,0.0
162458,0.0,1.0
100475,0.0,0.0
337398,0.0,1.0
1015,0.0,0.0
241576,0.0,1.0
216874,0.0,1.0
48962,0.0,1.0
11602,0.0,1.0
186643,0.0,1.0
56633,0.0,1.0
10097,0.0,0.0
156851,0.0,1.0
100528,0.0,0.0
100897,0.0,0.0
102038,0.0,0.0
100076,0.0,0.0
10277,0.0,0.0
275474,0.0,1.0
102046,0.0,1.0
101401,0.0,0.0
100492,0.0,0.0
10135,0.0,0.0
191411,0.0,1.0
200672,0.0,1.0
101710,0.0,0.0
338241,0.0,1.0
95026,0.0,1.0
63418,0.0,1.0
100466,0.0,0.0
101785,0.0,0.0
105156,0.0,1.0
101399,0.0,0.0
243009,0.0,1.0
101661,0.0,0.0
232040,0.0,1.0
195420,0.0,1.0
100949,0.0,0.0
101978,0.0,0.0
101355,0.0,0.0
100471,0.0,0.0
260728,0.0,1.0
102638,0.0,0.0
101544,0.0,0.0
253441,0.0,1.0
101424,0.0,0.0
100523,0.0,0.0
16116,0.0,1.0
101447,0.0,0.0
100010,0.0,0.0
101098,0.0,0.0
10159,0.0,0.0
184717,0.0,1.0
154831,0.0,1.0
203184,0.0,1.0
102791,0.0,0.0
19773,0.0,1.0
102685,0.0,0.0
102329,0.0,0.0
101625,0.0,0.0
100209,0.0,0.0
223999,0.0,1.0
