0
1
100
1000
10000
100000
100001
100002
100004
100007
100008
100009
10001
100010
100011
100015
100016
100018
100020
100023
100025
100026
100027
100028
10003
100031
100032
100034
100036
100039
10004
100040
100044
100047
100049
10005
100051
100053
100054
100055
100058
10006
100062
100063
100064
100065
100066
100069
10007
100070
100071
100076
100079
10008
100080
100081
100082
100083
100085
100087
100088
10009
100093
100095
100097
100098
100099
1001
100100
100102
100103
100105
100106
100107
100108
100109
10011
100111
100112
100113
100114
100115
100117
100118
100119
100120
100123
100124
100127
100128
100129
10013
100133
100135
100136
100137
100138
100139
10014
100144
100146
100147
100148
10015
100152
100154
100157
100158
100161
100162
100167
100168
100169
100171
100172
100173
100174
100175
100176
100177
100178
10018
100180
100181
100182
100185
100186
100187
100188
100189
10019
100190
100193
100197
100199
10020
100200
100202
100203
100204
100205
100206
100207
100208
100209
10021
100210
100211
100214
100215
100216
100217
100218
10022
100220
100221
100223
100224
100225
100227
100228
10023
100231
100232
100233
100234
100235
100237
100238
100239
10024
100240
100241
100242
100246
100247
100248
100249
10025
100253
100255
100256
100257
100258
100259
10026
100260
100263
100264
100266
100267
100268
100269
10027
100271
100273
100274
100275
100276
100278
100279
10028
100282
100283
100284
100288
100289
10029
100290
100292
100294
100299
1003
10030
100300
100301
100302
100304
100305
100309
10031
100310
100311
100312
100313
100314
100315
100316
100317
100319
100323
100328
10033
100331
100332
100333
100334
100336
100337
100338
100340
100341
100343
100345
100346
100347
100348
100349
100354
100355
100357
100359
10036
100360
100361
100362
100365
100369
10037
100371
100375
100376
100379
10038
100381
100384
100388
100390
100391
100392
100393
100394
100396
100397
100398
100399
10040
100400
100401
100402
100404
100405
100406
100407
100409
10041
100412
100413
100416
100419
10042
100421
100423
100427
100430
100431
100432
100433
100434
100436
100437
100439
10044
100440
100441
100442
100443
100444
100445
100448
100449
10045
100450
100451
100454
100455
100456
100457
100458
100459
10046
100460
100461
100463
100466
100468
100469
100470
100471
100472
100473
100475
100476
100478
100480
100481
100482
100483
100486
100487
100488
10049
100492
100493
100495
100496
100497
100498
10050
100500
100501
100502
100503
100504
100506
100508
100511
100512
100513
100514
100516
100517
100519
10052
100520
100522
100523
100524
100525
100526
100527
100528
100530
100531
100533
100534
100535
100536
100538
100541
100543
100544
100545
100546
100547
100548
10055
100550
100551
100553
100554
100555
100556
100557
100558
100559
10056
100562
100563
100564
100565
100566
100568
10057
100571
100572
100573
100574
100575
100576
100577
10058
100581
100582
100583
100585
100586
100588
100589
100590
100592
100593
100594
100595
100597
100599
100601
100602
100604
100605
100606
100609
10061
100612
100615
100616
100617
100618
10062
100621
100622
100625
100626
100628
100629
10063
100630
100631
100635
100636
100638
100639
100642
100643
100645
100646
100647
10065
100650
100651
100653
100654
100655
100656
100657
100658
100660
100661
100662
100664
100665
100666
100667
100668
100672
100673
100674
100675
100676
100678
100679
100686
100687
100688
100689
10069
100691
100692
100693
100694
100697
100698
1007
10070
100700
100701
100702
100706
100707
100708
100709
100710
100711
100714
100715
100717
100718
100719
10072
100721
100723
100728
100729
10073
100731
100732
100733
100736
100737
100739
100740
100743
100744
100745
100746
100747
100750
100751
100752
100753
100755
100756
100758
100759
100763
100764
100765
100767
100769
10077
100771
100773
100774
100776
100777
100779
10078
100780
100781
100782
100783
100784
100785
100786
100787
100788
100789
10079
100790
100791
100792
100794
100795
100797
100798
1008
10080
100800
100802
100804
100805
100807
100809
10081
100813
100814
100816
10082
100823
100825
100826
100827
100828
100829
100830
100831
100832
100833
100834
100835
100836
100837
10084
100841
100842
100843
100844
100845
100846
100847
100848
100849
10085
100850
100851
100854
100855
100858
10086
100860
100863
100864
100865
100867
100868
100870
100871
100874
100875
100876
100878
100879
10088
100880
100881
100884
100885
100886
10089
100890
100891
100893
100894
100895
100896
100897
100898
100899
1009
100901
100902
100905
100907
100908
10091
100910
100911
100912
100913
100915
100919
10092
100920
100922
100924
100925
100926
100927
100929
10093
100930
100933
100935
100940
100943
100944
100945
100947
100948
100949
10095
100950
100951
100952
100955
100956
100957
100958
100959
10096
100960
100961
100962
100966
100967
10097
100970
100971
100973
100974
100975
100976
100977
100978
10098
100980
100981
100983
100984
100985
100987
100989
10099
100990
100996
100997
100998
100999
1010
10100
101001
101008
101009
101010
101012
101013
101016
101017
101018
101022
101023
101024
101025
101026
101027
10103
101030
101033
101036
101037
101038
101039
10104
101040
101043
101046
101047
101048
10105
101050
101051
101054
101055
101056
101057
10106
101061
101063
101064
101065
101066
101067
101069
10107
101074
101075
101076
101078
101079
10108
101080
101081
101083
101084
101085
101086
101087
101089
101096
101097
101098
101099
1011
101102
101103
101105
101106
101107
101108
10111
101111
101112
101113
101114
101115
101116
101117
101120
101121
101122
101123
101124
101125
101126
10113
101130
101131
101132
101133
101136
101137
101138
101139
101140
101141
101144
101145
101146
101148
101149
10115
101152
101153
101154
101155
101156
10116
101160
101162
101165
101166
101169
10117
101170
101171
101173
101175
101176
101177
101178
101179
101180
101182
101183
101186
101187
101188
101189
10119
101192
101193
101194
101195
101198
101199
1012
10120
101200
101201
101202
101203
101207
101208
101209
10121
101210
101211
101212
101214
101215
101216
101217
101219
10122
101220
101221
101223
101225
101226
101227
101229
10123
101231
101233
101236
101238
10124
101241
101244
101245
101246
101248
101249
10125
101250
101251
101252
101253
101254
101258
101259
101261
101263
101264
101267
101268
101269
10127
101271
101273
101276
101277
101279
10128
101280
101283
101284
101286
10129
101290
101291
101293
101294
101297
1013
10130
101303
101304
101306
101307
101308
101309
10131
101310
101312
101314
101315
101316
101317
101318
101319
10132
101320
101322
101324
101325
101326
101327
101328
10133
101330
101332
101333
101335
101336
101337
101338
101339
10134
101340
101341
101342
101343
101344
101346
101347
101348
101349
10135
101350
101352
101353
101354
101355
101356
101357
101358
101363
101365
101366
101367
101372
101374
101377
101378
101381
101382
101383
101384
101386
101387
101389
101391
101394
101396
101397
101399
101400
101401
101402
101410
101411
101413
101416
101417
101418
10142
101420
101421
101424
101425
101426
101427
101428
101429
101433
101434
101435
101437
101438
101440
101441
101443
101444
101445
101447
101448
101449
10145
101450
101451
101452
101453
101454
101455
101456
101457
101458
101459
10146
101460
101462
101463
101464
101465
101467
101468
101470
101471
101472
101473
101475
101476
101478
10148
101481
101483
101484
101486
101487
101489
101490
101492
101494
101495
101497
101499
1015
101500
101501
101502
101504
101505
101506
101507
101508
101509
10151
101511
101514
101518
101519
10152
101520
101521
101522
101523
101524
101527
101528
10153
101530
101533
101536
101537
101538
101540
101541
101544
101545
101546
101548
101549
10155
101550
101551
101552
101553
101555
101556
101559
10156
101561
101562
101563
101564
101568
101570
101571
101575
10158
101580
101581
101585
101586
101587
101588
10159
101591
101593
101594
101598
1016
10160
101600
101601
101602
101604
101607
101608
101609
101610
101612
101616
101619
10162
101620
101625
101628
101629
10163
101632
101634
101635
101636
101638
101639
101640
101642
101643
101644
101645
101646
101647
101648
10165
101652
101653
101654
101655
101657
10166
101660
101661
101662
101663
101664
101667
101668
101669
10167
101671
101675
101677
101679
10168
101684
101685
101687
101689
10169
101690
101691
101692
101695
101697
101698
101699
1017
101701
101702
101705
101708
101709
101710
101712
101716
101717
101719
10172
101721
101722
101724
101725
101726
101728
101729
10173
101731
101732
101733
101734
101735
101739
10174
101741
101742
101743
101747
101749
101751
101753
101755
101756
101757
101758
101759
10176
101762
101763
101764
101767
101768
101769
101770
101771
101773
101775
101776
101778
101780
101781
101784
101785
101787
101788
101789
10179
101790
101791
101794
101796
1018
10180
101800
101801
101802
101803
101804
101805
101807
101808
101809
101810
101811
101812
101813
101814
101817
101818
101819
101820
101821
101823
101824
101825
101826
101828
101830
101831
101833
101835
101836
101837
101840
101841
101842
101843
101844
101845
101846
101847
101848
101851
101852
101854
101855
101858
101860
101861
101862
101863
101866
101867
101869
10187
101871
101873
101874
101875
101877
10188
101880
101881
101883
101884
101886
101887
101888
101890
101892
101894
101895
101897
101898
10190
101901
101902
101903
101905
101906
101907
101908
101909
101911
101914
101916
101918
10192
101920
101921
101922
101923
101924
101925
101926
101927
101930
101931
101933
101935
101938
10194
101940
101941
101942
101944
101945
101946
101947
101949
10195
101951
101954
101955
101957
101959
10196
101961
101965
101966
101967
101968
10197
101970
101971
101972
101974
101976
101977
101978
101979
10198
101980
101981
101983
101984
101985
101986
101993
101995
101996
101998
101999
1020
10200
102001
102003
102008
102009
102011
102013
102018
102019
10202
102022
102023
102025
102028
102029
10203
102030
102032
102033
102035
102038
102039
102040
102042
102044
102045
102046
102047
102049
10205
102050
102051
102052
102053
102054
102055
102057
102059
10206
102063
102064
102065
102066
102067
102069
10207
102072
102073
102075
102076
102078
102079
10208
102080
102083
102085
102086
102087
102088
10209
102090
102092
102093
102094
102095
102096
102097
102099
10210
102100
102101
102103
102105
102106
102109
10211
102110
102111
102112
102113
102114
102117
102118
10212
102120
102122
102128
102129
102130
102132
102135
102137
102138
10214
102140
102141
102142
102144
102146
102147
102148
102150
102151
102152
102155
102156
102157
102159
102160
102162
102163
102165
102166
102169
102170
102173
102174
102176
10218
102180
102181
102183
102185
102186
10219
102191
102192
102193
102195
102196
102199
1022
10220
102200
102201
102202
102203
102204
102205
102207
102209
10221
102212
102213
102214
102215
102216
102217
102218
102219
102221
102222
102223
102224
102226
102227
102230
102231
102233
102234
102235
102236
102237
102238
102240
102241
102243
102245
102246
102247
102248
102249
10225
102250
102251
102254
102255
102257
102259
10226
102262
102263
102265
102266
102269
102275
102277
102278
102279
10228
102280
102281
102282
102283
102284
102285
102287
102288
10229
102291
102292
102294
102297
1023
102301
102304
102305
102306
102307
102309
102312
102313
102315
102317
10232
102320
102325
102328
102329
10233
102330
102331
102333
102334
102338
102340
102343
102345
102347
10235
102350
102352
102353
102354
102355
102356
102357
102358
102361
102363
102364
102367
102368
10237
102371
102372
102374
102375
102376
102377
102378
10238
102380
102381
102382
102383
102385
102387
10239
102391
102393
102394
102395
102396
102398
10240
102400
102401
102403
102404
102405
102406
102408
102409
10241
102411
102412
102416
102418
102420
102421
102424
102425
102428
102430
102437
10244
102441
102442
102443
102451
102453
102454
102455
102457
102458
102459
10246
102460
102461
102464
102465
102466
10247
102471
102473
102475
102476
10248
102480
102485
102486
102487
102488
102489
102490
102492
102493
102494
102496
102498
102499
1025
10250
102500
102502
102505
102506
102509
102510
102511
102512
102513
102514
102517
102518
102519
10252
102520
102521
102522
102523
102524
102525
102526
102527
102528
102529
102530
102533
102534
102535
102536
102539
10254
102542
102543
102546
102547
102550
102551
102553
102555
102558
10256
102560
102561
102563
102566
102567
102568
10257
102570
102571
102572
102573
102574
102575
102576
102577
102578
102579
102580
102581
102582
102583
102584
102585
102586
102588
10259
102592
102593
102595
102596
102597
1026
10260
102600
102601
102602
102603
102604
102606
102607
102608
102609
10261
102610
102611
102613
102616
102617
102618
102619
102621
102623
102624
10263
102630
102631
102632
102633
102638
102639
102640
102641
102643
102644
102646
102647
102649
102651
102652
102654
102655
102656
102658
10266
102660
102662
102663
102664
102665
102666
102667
102668
102669
10267
102670
102671
102672
102673
102674
102676
102677
102679
102681
102682
102684
102685
102686
102687
102688
102689
10269
102690
102692
102694
102696
102699
1027
102700
102701
102702
102703
102707
10271
102710
102712
102714
102717
102718
102719
10272
102721
102722
102724
102727
102729
10273
102730
102732
102733
102734
102735
102736
102737
102740
102741
102743
102746
102747
102748
102749
10275
102752
102753
102754
102757
102758
102759
102760
102761
102764
102765
102766
102768
102769
10277
102770
102771
102772
102774
102776
102777
102778
102780
102781
102782
102783
102784
102785
102786
102787
102788
102789
10279
102790
102791
102792
102793
102795
102796
102797
102799
1028
10280
102801
102803
102804
102805
10281
102810
102811
102812
102813
102814
102816
102818
102819
102821
102823
102824
102825
102826
102827
102830
102831
102833
102837
102838
10284
102841
10288
103056
103270
103944
104324
104373
10448
104668
104889
104916
105047
105069
105156
105177
105547
105698
106110
106157
106181
106349
106509
106821
107037
107503
107639
107700
107766
108419
108562
108668
109503
109639
109669
109706
109741
109862
109886
109888
109914
110264
110301
110497
110500
110697
110742
110973
111105
111790
111861
111967
112035
112081
112278
112562
112626
112785
112813
112865
113031
113053
113122
11350
113717
113928
113951
114149
11444
114545
114673
114757
114893
115003
115037
115137
115255
115324
115348
115430
115631
115640
1159
115937
11602
11627
116417
116489
116596
116678
116788
116867
116886
116955
117083
117330
117379
117605
117845
117846
118105
118111
118201
118405
118411
118425
118621
118690
118878
119156
119237
119447
119547
119625
119932
120071
120292
120344
12106
121238
121271
121300
121463
121487
12167
122115
122345
123332
123339
123721
123724
123901
123932
124110
124139
124158
124389
124503
12465
124659
12476
125330
125379
125444
125659
125765
125901
125940
126145
12628
126537
126697
127505
128008
128037
128138
128518
128539
128612
128707
128710
129023
129111
129342
129961
130113
130161
130473
13071
130762
131156
131233
131369
131446
131515
131516
13177
132010
13246
132485
132853
132877
132939
132954
132987
133013
133612
133880
134229
134280
134307
134456
134648
134660
134699
134866
135126
13520
135200
135274
135283
135370
135629
13582
135838
135857
136243
136272
136480
136503
136638
136766
13690
137110
137134
137210
137729
137822
137940
137991
138141
138151
138378
138396
138465
13874
138753
138799
138991
139045
13939
139623
139653
139740
139766
139969
139991
14006
140215
140265
140284
140372
140430
140486
141103
141173
141327
141708
142036
142057
142076
142103
142357
142556
142651
142655
142894
14307
143515
143717
143764
144391
144457
144561
144993
145176
145442
145569
145738
145835
145940
145990
146201
146353
146417
146444
146457
146570
14665
14670
146810
146838
147203
147442
147542
147757
14805
148951
149578
149612
149782
150116
150456
150570
150572
150780
150839
151261
151381
151500
151665
15181
151942
151971
151979
152023
152024
152106
15229
152321
152461
152501
152707
152737
152843
153070
153190
153283
153578
153637
153668
153956
153962
154311
154606
154827
154831
154944
154966
155363
155397
155523
155652
155716
155916
155917
156143
156208
156393
156733
156851
156861
157030
157044
157051
157135
15727
157284
157500
157820
158037
158318
15853
15919
159481
160075
160102
16018
160239
160396
160476
160627
160886
16116
16137
161451
161796
161990
162145
162149
162248
162271
162458
162573
16272
162761
162801
162944
1630
163558
163831
163961
164235
164555
164672
164782
164942
16505
165224
165327
16539
165518
16612
166134
16622
166646
166667
166895
166896
166959
167176
167287
167400
167510
167696
167838
167949
16878
168790
168872
169050
169230
169240
169481
169556
169573
169627
169642
170035
170059
170122
170149
17029
170439
170892
171241
171458
17146
171482
171668
171690
171871
172173
17232
172510
172512
172620
172739
172876
173017
173138
1732
173307
173593
173641
173778
173946
174313
174580
174611
174927
174976
175279
175324
175450
175723
175958
176050
176089
176653
176883
176951
176954
177075
177210
177277
177528
177572
177648
177689
177797
178037
178049
178145
178257
178341
178465
178814
178901
179031
17909
179193
179569
179713
17995
179955
180210
180322
180530
180702
180874
181173
181278
182204
182370
182701
182733
182765
183013
183323
183349
183359
183645
183804
183904
183924
183964
18410
184112
184267
184474
184482
184648
184717
185318
185484
185598
185629
185647
185653
185946
186088
18617
18619
186233
186393
186422
186424
186487
186581
186637
186643
186893
187446
187557
18763
188057
188210
188781
18887
188955
188995
189039
189231
189269
189554
189934
190082
190133
190146
190594
19087
19138
191411
191544
191575
191991
192092
192569
192673
192833
19323
193461
193526
193620
193621
193754
193768
193801
194411
194420
194506
194635
194694
194881
195014
195321
195420
19561
19568
195710
195969
196041
196096
19612
196153
196196
196222
196290
196894
197085
197097
197309
197672
19773
198283
198382
198484
198525
198823
199170
199332
199339
200111
200130
20014
200169
200388
2005
200672
200780
200793
200815
201118
201412
201497
201594
201611
201786
201895
201956
202014
202028
202029
202061
202158
202310
202398
202443
202691
203184
20328
203287
203507
203681
203723
203947
203977
204111
204197
204218
204243
204436
204596
204731
204746
204816
204935
204959
204976
204998
205207
205210
20557
205612
205618
205961
206141
206290
206743
206753
206988
207019
207024
20731
207330
207404
207591
207758
207876
207877
208145
208171
208265
208456
20850
208914
208931
209002
209051
209471
2099
20990
21003
210054
21042
210430
210533
210618
211007
211015
211034
211158
211458
211655
211658
211747
211781
21186
212193
212639
212833
212867
212978
213127
213601
213634
213748
213885
213890
21390
214046
214200
214246
214338
214511
214549
214555
214822
215103
215259
215312
215494
215622
215799
215819
215840
215903
216066
21608
216252
216259
21642
216750
216758
216874
21690
217459
217567
217630
217846
217987
217988
218405
218759
218778
21952
220423
220488
2205
220572
22062
220702
221156
221233
221506
22154
22175
221805
221890
221942
221950
221969
221984
222014
222048
222203
222308
222371
222497
222531
222545
22264
222689
223058
223289
223301
223540
223672
223783
223872
223999
224392
224698
224806
224807
224928
224988
225104
225682
225766
225876
226311
226494
226791
226799
226852
227074
22719
22749
22781
227888
227915
228314
228326
228329
228843
229056
229404
229540
229807
229933
230134
23015
230247
230642
230740
230772
230825
230870
231169
231550
231695
231785
232
232040
232156
232500
23258
232583
232966
233234
233702
233751
233962
233992
234179
234220
234462
234599
234695
234723
234750
234849
234853
235132
235200
235278
235296
235348
235642
235698
23622
236444
236483
236754
236888
237141
237356
237582
237719
237807
237879
237974
238252
238604
238705
238756
238822
238988
239131
239218
239241
239304
239394
239990
240248
240301
240580
240738
240830
240947
240967
241
241224
241531
241576
241724
241744
242465
242733
24282
242869
243009
243023
243042
243715
244010
244029
244058
244239
244298
244434
244694
245039
245666
245860
24642
246451
246482
246502
247185
247286
24731
24732
247348
247434
247487
24774
247833
247862
247876
248123
24819
248776
249036
249284
249913
249996
250081
250311
250668
250764
250908
250996
251216
251401
251644
25188
251937
252150
252386
252440
252661
252666
252686
252687
253105
253236
253260
253441
253503
253633
253720
253726
253744
253857
254052
254484
255087
255294
255298
255755
255766
255978
256838
257122
25743
257437
257575
257856
258012
258266
258514
258572
258766
258787
258792
258883
258905
258928
258961
259100
259352
259403
259410
259961
2602
260232
260298
260631
260711
260728
261314
261435
261596
261645
261650
261902
261968
262114
262130
262310
262337
262361
26242
262515
262519
263026
263072
263233
26334
263354
264115
26425
26427
264283
264343
264399
265024
265092
265498
265766
265770
265832
265851
266013
266043
266072
266416
266627
266829
266957
267048
267071
267627
267653
267683
267693
26772
267721
267726
26788
267926
267937
268137
268223
268376
26881
269129
269169
269334
26959
269674
270260
270421
270752
270838
271365
271480
271734
272133
272139
272146
272240
272514
272839
272872
273566
273586
273686
273741
274128
274269
274329
274333
274477
275112
275336
275474
275561
275662
275683
27569
276024
2761
276154
276158
276766
276803
276913
276969
276997
276998
277009
277503
277611
277906
277955
277991
278332
278530
27865
279018
279062
279272
279673
279771
279801
279814
280297
28038
280515
280588
280607
280858
280938
281050
281075
281283
281305
281312
281321
281533
281588
281630
281636
281687
281707
281732
282042
282273
282276
28273
283000
283303
283509
284020
284081
284092
284144
284174
284220
284387
284531
284548
284740
285000
285041
285191
285299
285541
285633
285815
28617
286279
286785
286797
286953
28709
287093
287285
287465
287519
287594
28784
288119
288221
288448
288578
288888
289009
289029
289118
289315
289786
289969
290072
290408
290480
290694
290910
291006
291366
291489
291720
292005
292127
292296
292299
292415
293048
293348
293532
293576
293823
293956
294395
2944
294423
294439
294750
294923
294952
295012
295058
295105
29544
295515
295759
296584
29661
296824
296836
296841
297209
297225
297556
297711
298057
298109
298132
298806
298852
298882
298982
299019
299075
299179
299248
299363
299593
299598
299753
30000
300227
300273
30030
300539
30059
30069
30082
300879
300996
301167
30120
301383
301466
301641
301741
301807
301827
301893
3019
30280
302871
30299
303421
303578
303777
303955
303968
304092
304505
304641
304759
30491
304933
305343
305692
305756
305773
305891
305916
306193
306480
306608
306796
307029
307473
307556
307652
307688
307879
308074
308093
308132
308142
308363
308543
309128
30924
309459
309492
309750
30976
309942
310259
310409
310544
310707
310721
310744
310801
311105
311165
311240
311304
311463
311594
311748
311813
311856
31200
312252
312332
312672
312677
313002
313082
31317
31364
313713
313792
313958
313984
314046
314642
314741
314811
314818
315153
315422
315743
315770
315874
315894
316023
316060
316176
316285
31650
316536
316667
31733
317623
317626
317629
317747
3179
318107
31826
318785
318957
319008
319036
31931
319323
319406
319492
319500
319812
320165
320333
320461
320496
320527
320543
320588
320895
32093
320968
321125
321230
321343
321382
321408
321472
321785
322133
322242
322452
322556
322831
323032
323253
32332
323459
323798
323842
324021
324058
324123
324476
324709
324728
324784
324830
324874
325428
325516
325638
325728
325918
325919
326125
326170
326258
326341
326485
326905
327165
327272
327313
327965
327987
327995
328332
328504
328738
329068
329272
330252
330417
330666
331165
331674
331765
331986
33201
332167
332191
332285
332415
332467
332547
332703
333135
33316
33319
333269
333534
33386
33396
334060
334118
334119
334476
334832
334969
335184
335359
335633
336138
336288
336329
336502
33660
336730
336806
337175
337373
337398
337533
337609
337937
337942
338002
338025
338054
338241
338285
3397
34077
34275
34566
34718
34901
34974
35028
3507
35129
35485
35504
35575
35700
35708
35915
3597
36537
36845
37104
37561
3767
37751
37869
37969
38019
38241
38254
3857
38827
39140
39360
39601
39757
39859
40047
40632
41215
41605
41785
41948
41951
41985
42153
42831
42893
43059
43120
43145
43611
43843
4386
4436
44395
4444
44592
44919
44974
45060
45110
45248
45391
45540
45617
4583
45845
4608
46180
46233
46290
46291
46472
46795
46904
47073
47110
47180
47248
480
48282
48365
48474
48762
48817
48962
49389
49516
50006
50070
50126
50390
50516
51180
51374
5155
52035
52216
52421
52520
52527
526
52694
52759
53000
53202
53208
53324
53450
53467
53621
53746
54252
54309
54631
54730
5474
55005
5533
55362
56074
56170
563
56391
56465
56633
56638
56730
56794
5683
56861
56983
57592
5768
58019
58051
58052
58429
58435
58743
59453
59634
59947
59969
60178
60801
61106
61781
6196
62010
62279
62408
62428
62496
62575
62643
62899
62948
62959
63006
6306
63382
63418
63577
63652
64375
64414
64524
6490
6525
65271
65444
65458
6563
65706
65901
66025
66381
66578
66768
66941
66975
673
67373
67547
67740
67857
68114
6832
68361
68584
68697
68709
68730
68801
69111
69609
69677
69825
69985
70053
70713
70842
70868
70907
71132
71514
71832
72265
72327
72487
72536
72680
72923
73044
73330
73342
73418
73713
73802
7401
74240
74251
74267
74323
74336
74448
75092
75164
75313
75347
75746
7577
75812
75883
76245
7672
76787
76944
77307
77741
77756
7798
78150
78316
78343
78416
78620
78797
78799
78974
79015
79093
79114
79372
79824
80023
80075
80118
80468
80473
80494
80600
81049
81074
8134
81703
81821
81863
82023
82559
8287
83250
83600
83674
83767
83829
8394
83990
84014
84049
84147
84188
84241
8429
84786
84891
85168
85534
85664
85675
85822
86376
86453
86471
86600
8672
86871
86918
8701
87269
8731
87484
87842
88026
88284
88443
88479
88503
88644
88665
891
89171
89256
89366
89380
89454
89485
89597
89623
89789
89802
90098
90099
90449
90953
9112
91126
9170
92234
9261
93232
93398
93667
93749
93962
94103
94181
94353
94487
94564
948
94802
94840
95026
95085
95149
95158
95391
95393
95456
96350
97043
97089
97154
97666
97891
98040
98403
98573
9863
98746
98888
98991
99120
99138
99626
99633
99635
