0,0,0
1,0,0
100,0,0
1000,0,1
10000,0,0
100000,0,0
100001,0,0
100002,0,0
100004,0,0
100007,0,0
100008,0,0
100009,0,0
10001,0,0
100010,0,0
100011,0,0
100015,0,0
100016,0,0
100018,0,0
100020,0,0
100023,0,0
100025,0,0
100026,0,0
100027,0,0
100028,0,0
10003,0,0
100031,0,0
100032,0,0
100034,0,0
100036,0,0
100039,0,0
10004,0,0
100040,0,0
100044,0,0
100047,0,0
100049,0,0
10005,0,0
100051,0,0
100053,0,0
100054,0,0
100055,0,0
100058,0,0
10006,0,0
100062,0,0
100063,0,0
100064,0,0
100065,0,0
100066,0,0
100069,0,0
10007,0,0
100070,0,0
100071,0,0
100076,0,0
100079,0,0
10008,0,0
100080,0,0
100081,0,0
100082,0,0
100083,0,0
100085,0,0
100087,0,0
100088,0,0
10009,0,0
100093,0,0
100095,0,0
100097,0,0
100098,0,0
100099,0,0
1001,0,0
100100,0,0
100102,0,0
100103,0,0
100105,0,0
100106,0,0
100107,0,0
100108,0,0
100109,0,0
10011,0,0
100111,0,0
100112,0,1
100113,0,0
100114,0,0
100115,0,0
100117,0,0
100118,0,0
100119,0,0
100120,0,0
100123,0,0
100124,0,0
100127,0,0
100128,0,0
100129,0,0
10013,0,0
100133,0,0
100135,0,0
100136,0,0
100137,0,0
100138,0,0
100139,0,0
10014,0,0
100144,0,0
100146,0,0
100147,0,0
100148,0,0
10015,0,0
100152,0,0
100154,0,0
100157,0,0
100158,0,0
100161,0,0
100162,0,0
100167,0,0
100168,0,0
100169,0,0
100171,0,0
100172,0,0
100173,0,0
100174,0,0
100175,0,0
100176,0,0
100177,0,0
100178,0,0
10018,0,0
100180,0,0
100181,0,0
100182,0,0
100185,0,0
100186,0,0
100187,0,0
100188,0,0
100189,0,0
10019,0,0
100190,0,0
100193,0,0
100197,0,0
100199,0,0
10020,0,0
100200,0,0
100202,0,0
100203,0,0
100204,0,0
100205,0,0
100206,0,0
100207,0,0
100208,0,0
100209,0,0
10021,1,1
100210,0,0
100211,1,1
100214,0,0
100215,0,0
100216,0,0
100217,0,0
100218,0,1
10022,0,0
100220,0,0
100221,0,0
100223,0,0
100224,0,0
100225,0,0
100227,0,0
100228,0,0
10023,0,0
100231,0,0
100232,0,0
100233,0,0
100234,0,0
100235,0,0
100237,0,0
100238,0,0
100239,0,0
10024,0,0
100240,0,0
100241,0,0
100242,0,0
100246,0,0
100247,0,0
100248,0,0
100249,0,0
10025,0,0
100253,0,0
100255,0,0
100256,0,0
100257,0,0
100258,0,0
100259,0,0
10026,0,0
100260,0,0
100263,0,0
100264,0,0
100266,0,0
100267,0,0
100268,0,0
100269,0,0
10027,0,0
100271,0,0
100273,0,0
100274,0,0
100275,0,0
100276,0,0
100278,0,0
100279,0,1
10028,0,0
100282,0,0
100283,0,0
100284,0,0
100288,0,0
100289,0,0
10029,0,0
100290,0,0
100292,0,0
100294,0,0
100299,0,0
1003,0,0
10030,0,0
100300,0,0
100301,0,0
100302,0,0
100304,0,0
100305,0,0
100309,0,0
10031,0,0
100310,0,1
100311,0,0
100312,0,0
100313,0,0
100314,0,0
100315,0,0
100316,0,0
100317,0,0
100319,0,0
100323,0,0
100328,0,0
10033,0,0
100331,0,0
100332,0,0
100333,0,0
100334,0,1
100336,0,0
100337,0,0
100338,0,0
100340,0,0
100341,0,0
100343,0,0
100345,0,0
100346,0,0
100347,0,0
100348,0,0
100349,0,0
100354,0,0
100355,0,0
100357,0,0
100359,0,0
10036,0,0
100360,0,0
100361,0,0
100362,0,0
100365,0,0
100369,0,0
10037,0,0
100371,0,0
100375,0,0
100376,0,0
100379,0,0
10038,0,0
100381,0,0
100384,0,0
100388,0,0
100390,0,0
100391,0,0
100392,0,0
100393,0,0
100394,0,0
100396,0,0
100397,0,0
100398,0,0
100399,0,0
10040,0,0
100400,0,0
100401,0,0
100402,0,0
100404,0,0
100405,0,0
100406,0,0
100407,0,0
100409,0,0
10041,0,0
100412,0,0
100413,0,0
100416,0,0
100419,0,0
10042,0,0
100421,0,0
100423,0,0
100427,0,0
100430,0,0
100431,0,0
100432,0,0
100433,0,0
100434,0,0
100436,0,0
100437,0,0
100439,0,0
10044,0,0
100440,0,0
100441,0,0
100442,0,0
100443,0,0
100444,0,0
100445,0,0
100448,0,0
100449,0,0
10045,0,0
100450,0,0
100451,0,0
100454,0,0
100455,0,0
100456,0,0
100457,0,0
100458,0,0
100459,0,0
10046,0,0
100460,0,0
100461,0,0
100463,1,1
100466,0,0
100468,0,0
100469,0,0
100470,0,0
100471,0,0
100472,0,0
100473,0,0
100475,0,0
100476,0,0
100478,0,0
100480,0,0
100481,0,0
100482,0,0
100483,0,0
100486,0,0
100487,0,0
100488,0,0
10049,0,1
100492,0,0
100493,0,0
100495,0,0
100496,0,0
100497,0,0
100498,0,0
10050,0,0
100500,0,0
100501,0,0
100502,0,1
100503,0,0
100504,0,0
100506,0,0
100508,0,0
100511,0,0
100512,0,0
100513,0,0
100514,0,0
100516,0,0
100517,0,0
100519,0,0
10052,0,0
100520,0,0
100522,0,0
100523,0,0
100524,0,0
100525,0,0
100526,0,0
100527,1,1
100528,0,0
100530,0,0
100531,0,0
100533,0,0
100534,0,0
100535,0,0
100536,0,0
100538,0,0
100541,0,0
100543,0,0
100544,0,0
100545,0,0
100546,0,0
100547,0,0
100548,0,0
10055,0,0
100550,0,0
100551,0,0
100553,0,0
100554,0,0
100555,0,0
100556,0,0
100557,1,0
100558,0,0
100559,0,0
10056,0,0
100562,0,0
100563,0,0
100564,0,0
100565,0,0
100566,0,0
100568,0,0
10057,0,0
100571,0,0
100572,0,0
100573,0,0
100574,0,0
100575,0,0
100576,0,0
100577,0,0
10058,0,0
100581,0,0
100582,0,0
100583,0,0
100585,0,0
100586,0,0
100588,0,0
100589,0,0
100590,0,0
100592,0,0
100593,0,0
100594,0,0
100595,0,0
100597,0,0
100599,0,0
100601,0,1
100602,0,0
100604,0,0
100605,0,0
100606,0,0
100609,0,0
10061,0,0
100612,0,0
100615,0,0
100616,0,0
100617,0,0
100618,0,0
10062,0,0
100621,0,0
100622,0,0
100625,0,0
100626,0,0
100628,0,0
100629,0,0
10063,0,0
100630,0,0
100631,0,0
100635,0,0
100636,0,0
100638,0,0
100639,0,0
100642,0,0
100643,0,0
100645,0,0
100646,0,0
100647,0,0
10065,0,0
100650,0,0
100651,0,0
100653,0,0
100654,0,0
100655,0,0
100656,0,0
100657,0,0
100658,0,0
100660,0,0
100661,0,0
100662,0,0
100664,0,0
100665,0,0
100666,0,0
100667,0,0
100668,0,0
100672,0,0
100673,0,0
100674,0,0
100675,0,0
100676,0,0
100678,0,0
100679,0,0
100686,0,0
100687,0,0
100688,0,0
100689,0,1
10069,0,0
100691,0,0
100692,0,0
100693,0,0
100694,0,0
100697,0,0
100698,0,0
1007,0,0
10070,0,0
100700,1,0
100701,0,0
100702,0,0
100706,0,0
100707,0,0
100708,0,0
100709,0,0
100710,0,0
100711,0,0
100714,0,0
100715,0,0
100717,0,0
100718,0,0
100719,0,0
10072,0,0
100721,0,0
100723,0,0
100728,0,0
100729,1,1
10073,0,0
100731,0,0
100732,0,0
100733,0,0
100736,0,0
100737,0,0
100739,0,0
100740,0,0
100743,0,0
100744,0,0
100745,0,0
100746,0,0
100747,0,0
100750,0,0
100751,0,0
100752,0,0
100753,0,0
100755,0,0
100756,0,0
100758,0,0
100759,0,0
100763,0,0
100764,0,0
100765,0,0
100767,0,0
100769,0,0
10077,0,0
100771,0,0
100773,0,0
100774,0,0
100776,0,0
100777,0,0
100779,0,0
10078,0,0
100780,0,0
100781,0,0
100782,0,0
100783,0,0
100784,0,0
100785,0,0
100786,0,0
100787,0,0
100788,0,0
100789,0,0
10079,0,0
100790,0,0
100791,0,0
100792,0,0
100794,0,0
100795,0,0
100797,0,0
100798,0,0
1008,0,0
10080,0,0
100800,0,0
100802,0,0
100804,0,0
100805,0,0
100807,0,0
100809,0,0
10081,0,0
100813,0,0
100814,0,0
100816,0,0
10082,0,0
100823,0,0
100825,0,0
100826,0,0
100827,0,0
100828,0,0
100829,0,0
100830,0,0
100831,0,0
100832,0,0
100833,0,0
100834,0,0
100835,0,0
100836,0,0
100837,0,0
10084,0,0
100841,0,0
100842,0,1
100843,0,0
100844,0,0
100845,0,0
100846,0,0
100847,0,0
100848,0,0
100849,0,0
10085,0,0
100850,0,0
100851,0,0
100854,0,0
100855,0,0
100858,0,0
10086,0,0
100860,0,0
100863,0,0
100864,0,0
100865,0,0
100867,0,0
100868,0,0
100870,0,0
100871,0,0
100874,0,0
100875,0,0
100876,0,0
100878,0,0
100879,0,0
10088,0,0
100880,0,0
100881,0,0
100884,0,0
100885,0,0
100886,0,0
10089,0,0
100890,0,0
100891,0,0
100893,0,0
100894,0,0
100895,0,0
100896,0,0
100897,0,0
100898,0,0
100899,0,1
1009,0,0
100901,0,0
100902,0,0
100905,0,0
100907,0,0
100908,0,0
10091,0,0
100910,0,0
100911,0,0
100912,0,0
100913,0,0
100915,0,0
100919,0,0
10092,0,1
100920,0,0
100922,0,1
100924,0,0
100925,0,0
100926,0,0
100927,0,0
100929,0,0
10093,0,0
100930,0,0
100933,0,0
100935,0,0
100940,0,0
100943,0,0
100944,0,0
100945,0,0
100947,0,0
100948,0,0
100949,0,0
10095,0,0
100950,0,0
100951,0,0
100952,0,0
100955,0,0
100956,0,0
100957,1,1
100958,0,0
100959,0,0
10096,0,0
100960,0,0
100961,0,0
100962,0,0
100966,0,0
100967,0,0
10097,0,0
100970,0,0
100971,0,0
100973,1,1
100974,0,0
100975,0,0
100976,0,0
100977,0,0
100978,0,0
10098,0,0
100980,0,0
100981,0,0
100983,0,0
100984,0,0
100985,0,0
100987,0,0
100989,0,0
10099,0,1
100990,0,0
100996,0,0
100997,0,0
100998,0,0
100999,0,0
1010,0,0
10100,0,0
101001,0,0
101008,0,0
101009,0,0
101010,0,0
101012,0,0
101013,0,1
101016,0,0
101017,0,0
101018,0,0
101022,0,0
101023,0,0
101024,0,0
101025,0,0
101026,0,0
101027,0,0
10103,0,0
101030,0,0
101033,0,0
101036,0,0
101037,0,0
101038,0,0
101039,0,0
10104,0,0
101040,0,0
101043,0,0
101046,0,0
101047,0,0
101048,0,0
10105,0,0
101050,0,0
101051,0,0
101054,0,0
101055,0,0
101056,0,0
101057,0,0
10106,0,0
101061,0,0
101063,0,0
101064,0,0
101065,0,0
101066,0,0
101067,0,0
101069,0,0
10107,0,0
101074,0,0
101075,0,0
101076,0,0
101078,0,0
101079,0,0
10108,0,0
101080,0,0
101081,0,0
101083,0,0
101084,0,0
101085,0,0
101086,0,0
101087,0,0
101089,0,0
101096,0,0
101097,0,0
101098,0,0
101099,0,0
1011,0,0
101102,0,0
101103,0,0
101105,0,0
101106,0,0
101107,0,0
101108,0,0
10111,0,0
101111,0,0
101112,0,0
101113,0,0
101114,0,0
101115,0,0
101116,0,0
101117,0,0
101120,0,0
101121,0,0
101122,0,0
101123,0,0
101124,0,0
101125,0,0
101126,0,0
10113,0,0
101130,0,0
101131,0,0
101132,0,0
101133,0,0
101136,0,0
101137,0,0
101138,0,0
101139,0,0
101140,0,0
101141,0,0
101144,0,0
101145,0,0
101146,0,0
101148,0,0
101149,0,0
10115,0,0
101152,0,0
101153,0,0
101154,0,0
101155,0,0
101156,0,0
10116,0,0
101160,0,0
101162,0,0
101165,0,0
101166,0,0
101169,0,0
10117,0,0
101170,0,0
101171,0,0
101173,0,0
101175,0,0
101176,0,0
101177,0,0
101178,0,0
101179,0,0
101180,0,0
101182,0,0
101183,0,1
101186,0,0
101187,0,0
101188,0,0
101189,0,0
10119,0,0
101192,0,0
101193,0,0
101194,0,0
101195,0,0
101198,1,1
101199,0,1
1012,0,0
10120,0,0
101200,0,0
101201,0,0
101202,0,0
101203,0,0
101207,0,0
101208,0,0
101209,0,0
10121,0,0
101210,0,0
101211,0,0
101212,0,0
101214,0,0
101215,0,0
101216,0,0
101217,0,0
101219,0,0
10122,0,0
101220,0,0
101221,0,0
101223,0,0
101225,0,0
101226,0,0
101227,0,0
101229,1,0
10123,0,0
101231,0,0
101233,0,0
101236,0,0
101238,0,0
10124,0,0
101241,0,0
101244,0,0
101245,0,0
101246,0,0
101248,0,0
101249,0,0
10125,0,0
101250,1,1
101251,0,0
101252,0,0
101253,0,0
101254,0,0
101258,0,0
101259,0,0
101261,0,0
101263,0,0
101264,0,0
101267,0,0
101268,0,0
101269,0,0
10127,0,0
101271,0,0
101273,0,0
101276,0,0
101277,0,0
101279,0,0
10128,0,0
101280,0,0
101283,0,0
101284,0,0
101286,0,0
10129,0,0
101290,0,0
101291,0,0
101293,1,1
101294,0,0
101297,0,0
1013,0,0
10130,0,0
101303,0,0
101304,0,0
101306,0,0
101307,0,0
101308,0,0
101309,0,0
10131,0,0
101310,0,0
101312,0,0
101314,0,0
101315,0,0
101316,0,0
101317,0,0
101318,0,0
101319,0,0
10132,0,0
101320,0,0
101322,0,0
101324,0,0
101325,0,0
101326,0,0
101327,0,0
101328,0,0
10133,1,1
101330,0,0
101332,0,0
101333,0,0
101335,0,0
101336,0,0
101337,0,1
101338,0,0
101339,0,0
10134,0,0
101340,0,0
101341,0,1
101342,0,0
101343,0,0
101344,0,0
101346,0,0
101347,0,0
101348,0,0
101349,0,0
10135,0,0
101350,0,0
101352,0,0
101353,0,0
101354,0,0
101355,0,0
101356,0,0
101357,0,0
101358,0,0
101363,0,0
101365,0,0
101366,0,0
101367,0,0
101372,0,0
101374,0,0
101377,0,0
101378,0,0
101381,0,0
101382,0,0
101383,0,0
101384,0,0
101386,0,0
101387,0,0
101389,0,0
101391,0,0
101394,0,0
101396,0,0
101397,0,0
101399,0,0
101400,0,0
101401,0,0
101402,0,0
101410,0,0
101411,0,0
101413,0,0
101416,0,0
101417,0,0
101418,0,0
10142,0,0
101420,0,0
101421,0,0
101424,0,0
101425,0,0
101426,0,0
101427,0,0
101428,0,0
101429,0,0
101433,0,0
101434,0,0
101435,0,0
101437,0,0
101438,0,0
101440,1,1
101441,0,0
101443,0,0
101444,0,0
101445,0,0
101447,0,0
101448,0,0
101449,0,0
10145,0,0
101450,0,0
101451,0,0
101452,0,0
101453,0,0
101454,0,0
101455,0,0
101456,0,0
101457,0,0
101458,0,0
101459,0,0
10146,0,0
101460,0,0
101462,0,0
101463,0,0
101464,0,0
101465,0,0
101467,0,0
101468,0,0
101470,0,0
101471,0,0
101472,0,0
101473,0,0
101475,0,0
101476,0,0
101478,0,0
10148,0,0
101481,0,0
101483,0,0
101484,0,0
101486,0,0
101487,0,0
101489,0,0
101490,0,0
101492,0,0
101494,0,0
101495,0,0
101497,0,0
101499,0,1
1015,0,0
101500,0,0
101501,0,0
101502,0,0
101504,1,1
101505,0,0
101506,0,0
101507,0,0
101508,0,0
101509,0,0
10151,0,0
101511,0,0
101514,0,0
101518,0,0
101519,0,0
10152,0,0
101520,0,0
101521,0,0
101522,0,1
101523,1,1
101524,0,0
101527,0,0
101528,0,0
10153,0,0
101530,0,0
101533,0,0
101536,0,0
101537,0,0
101538,0,0
101540,0,0
101541,0,0
101544,0,0
101545,0,0
101546,0,0
101548,0,0
101549,0,0
10155,0,0
101550,0,0
101551,0,0
101552,0,0
101553,0,0
101555,0,0
101556,0,0
101559,0,0
10156,0,0
101561,0,0
101562,0,0
101563,0,0
101564,0,0
101568,0,0
101570,0,0
101571,0,0
101575,0,0
10158,0,0
101580,0,0
101581,0,0
101585,0,0
101586,0,0
101587,0,0
101588,0,0
10159,0,0
101591,0,0
101593,0,0
101594,0,0
101598,0,0
1016,0,0
10160,0,0
101600,0,0
101601,0,0
101602,0,1
101604,0,0
101607,0,0
101608,0,0
101609,0,0
101610,0,0
101612,0,0
101616,0,0
101619,0,1
10162,0,0
101620,0,0
101625,0,0
101628,0,0
101629,0,0
10163,0,0
101632,0,0
101634,0,0
101635,0,0
101636,0,0
101638,0,0
101639,0,0
101640,0,0
101642,0,0
101643,0,0
101644,0,0
101645,0,0
101646,0,0
101647,0,0
101648,0,0
10165,0,0
101652,0,0
101653,0,0
101654,0,0
101655,0,0
101657,0,0
10166,0,0
101660,0,0
101661,0,0
101662,0,0
101663,0,0
101664,0,0
101667,0,0
101668,0,0
101669,0,0
10167,0,0
101671,0,0
101675,0,0
101677,0,0
101679,1,1
10168,0,0
101684,0,0
101685,0,0
101687,0,0
101689,0,0
10169,0,0
101690,0,0
101691,0,0
101692,0,0
101695,0,0
101697,0,0
101698,0,0
101699,0,0
1017,0,0
101701,0,0
101702,0,0
101705,0,0
101708,0,0
101709,1,1
101710,0,0
101712,0,0
101716,0,0
101717,0,0
101719,0,0
10172,0,0
101721,0,0
101722,0,0
101724,0,0
101725,0,0
101726,0,0
101728,0,0
101729,0,0
10173,0,0
101731,0,0
101732,0,0
101733,0,0
101734,0,0
101735,0,0
101739,0,0
10174,0,0
101741,0,0
101742,0,1
101743,0,0
101747,0,0
101749,0,1
101751,0,0
101753,0,0
101755,0,0
101756,0,0
101757,0,0
101758,0,0
101759,0,0
10176,0,0
101762,0,0
101763,0,0
101764,0,0
101767,0,0
101768,0,0
101769,0,0
101770,0,0
101771,0,0
101773,0,0
101775,0,0
101776,0,1
101778,0,0
101780,0,0
101781,0,0
101784,0,0
101785,0,0
101787,0,0
101788,0,0
101789,0,0
10179,0,0
101790,0,0
101791,0,0
101794,0,0
101796,0,0
1018,0,0
10180,0,0
101800,0,0
101801,0,0
101802,0,0
101803,0,0
101804,0,0
101805,0,0
101807,0,0
101808,0,0
101809,0,0
101810,0,0
101811,0,0
101812,0,0
101813,0,0
101814,0,0
101817,0,0
101818,0,0
101819,0,0
101820,0,0
101821,0,0
101823,0,0
101824,0,0
101825,0,0
101826,0,0
101828,0,0
101830,0,0
101831,0,0
101833,0,0
101835,0,0
101836,0,0
101837,0,0
101840,0,0
101841,0,0
101842,0,0
101843,0,0
101844,0,0
101845,0,0
101846,0,0
101847,0,0
101848,0,0
101851,0,0
101852,0,0
101854,0,0
101855,0,0
101858,0,0
101860,0,0
101861,0,0
101862,0,0
101863,0,0
101866,0,0
101867,0,0
101869,0,0
10187,0,0
101871,0,0
101873,0,0
101874,0,0
101875,0,0
101877,0,0
10188,0,0
101880,0,0
101881,0,0
101883,0,0
101884,0,0
101886,0,0
101887,0,0
101888,0,0
101890,0,0
101892,0,0
101894,0,0
101895,0,0
101897,0,0
101898,0,0
10190,0,0
101901,0,0
101902,0,0
101903,0,0
101905,0,0
101906,0,0
101907,0,0
101908,0,0
101909,0,0
101911,0,0
101914,0,0
101916,0,0
101918,0,0
10192,0,0
101920,0,0
101921,0,0
101922,0,0
101923,0,0
101924,0,0
101925,0,0
101926,0,0
101927,0,0
101930,0,0
101931,0,0
101933,0,0
101935,0,0
101938,0,0
10194,0,0
101940,0,0
101941,0,0
101942,0,0
101944,0,0
101945,0,0
101946,0,0
101947,0,0
101949,0,0
10195,0,0
101951,0,0
101954,0,0
101955,0,0
101957,0,0
101959,0,0
10196,0,0
101961,0,0
101965,0,0
101966,0,0
101967,0,0
101968,0,0
10197,0,0
101970,0,0
101971,0,0
101972,0,0
101974,0,0
101976,0,0
101977,0,0
101978,0,0
101979,0,0
10198,0,0
101980,0,0
101981,0,0
101983,0,0
101984,0,0
101985,0,0
101986,0,0
101993,0,0
101995,0,0
101996,0,0
101998,0,0
101999,1,1
1020,0,0
10200,0,0
102001,0,0
102003,0,0
102008,0,0
102009,0,0
102011,0,0
102013,0,0
102018,0,0
102019,0,0
10202,0,0
102022,0,0
102023,0,0
102025,0,0
102028,0,0
102029,0,0
10203,0,0
102030,0,0
102032,0,0
102033,0,0
102035,0,0
102038,0,0
102039,0,0
102040,0,0
102042,0,0
102044,0,0
102045,0,0
102046,0,0
102047,0,0
102049,0,0
10205,0,0
102050,0,0
102051,0,0
102052,0,0
102053,0,0
102054,0,0
102055,0,0
102057,0,0
102059,0,0
10206,0,0
102063,0,0
102064,0,0
102065,0,0
102066,0,0
102067,0,1
102069,0,0
10207,0,0
102072,0,0
102073,0,0
102075,0,0
102076,0,0
102078,0,0
102079,0,0
10208,0,0
102080,0,0
102083,0,0
102085,0,0
102086,0,0
102087,0,0
102088,0,0
10209,0,0
102090,0,0
102092,0,0
102093,0,0
102094,0,0
102095,0,0
102096,1,1
102097,0,0
102099,0,0
10210,0,0
102100,0,0
102101,0,0
102103,0,0
102105,0,0
102106,0,0
102109,0,0
10211,0,0
102110,0,0
102111,0,0
102112,0,0
102113,0,0
102114,0,0
102117,0,0
102118,0,0
10212,0,0
102120,0,0
102122,0,0
102128,0,0
102129,0,0
102130,0,0
102132,0,0
102135,0,0
102137,0,0
102138,0,0
10214,0,0
102140,0,0
102141,0,0
102142,0,0
102144,0,0
102146,0,0
102147,0,0
102148,0,0
102150,0,0
102151,0,0
102152,0,0
102155,0,0
102156,0,0
102157,0,0
102159,0,0
102160,0,0
102162,0,0
102163,0,0
102165,0,0
102166,0,0
102169,0,0
102170,0,0
102173,0,0
102174,0,0
102176,0,0
10218,0,0
102180,0,0
102181,0,0
102183,0,0
102185,0,0
102186,0,0
10219,0,0
102191,0,0
102192,0,0
102193,0,0
102195,0,0
102196,0,0
102199,0,0
1022,0,0
10220,0,0
102200,0,0
102201,0,0
102202,0,0
102203,0,0
102204,0,0
102205,0,0
102207,0,0
102209,0,0
10221,0,0
102212,0,0
102213,0,0
102214,0,0
102215,0,0
102216,0,0
102217,0,0
102218,0,0
102219,0,0
102221,0,0
102222,0,0
102223,0,0
102224,0,0
102226,0,0
102227,0,0
102230,0,0
102231,0,0
102233,0,0
102234,0,0
102235,0,0
102236,0,0
102237,0,0
102238,0,1
102240,0,0
102241,0,0
102243,0,0
102245,0,0
102246,0,0
102247,0,0
102248,0,0
102249,0,0
10225,0,0
102250,0,0
102251,0,0
102254,0,0
102255,0,0
102257,0,0
102259,0,0
10226,0,0
102262,0,0
102263,0,0
102265,0,0
102266,0,0
102269,0,0
102275,0,0
102277,0,0
102278,0,0
102279,0,0
10228,0,0
102280,0,0
102281,0,0
102282,0,0
102283,0,0
102284,0,0
102285,0,0
102287,0,0
102288,0,0
10229,0,0
102291,0,0
102292,0,0
102294,0,0
102297,0,0
1023,0,0
102301,0,0
102304,0,0
102305,0,0
102306,0,0
102307,0,0
102309,0,0
102312,0,0
102313,0,0
102315,0,0
102317,0,0
10232,0,0
102320,0,0
102325,0,0
102328,0,0
102329,0,0
10233,0,0
102330,0,0
102331,0,0
102333,0,0
102334,0,0
102338,0,0
102340,0,0
102343,0,0
102345,0,0
102347,0,0
10235,0,0
102350,0,0
102352,0,0
102353,0,0
102354,0,0
102355,0,0
102356,0,0
102357,0,0
102358,0,0
102361,0,0
102363,0,0
102364,0,0
102367,0,0
102368,0,0
10237,0,0
102371,0,0
102372,0,0
102374,0,0
102375,0,0
102376,0,0
102377,0,0
102378,0,0
10238,0,0
102380,0,0
102381,0,0
102382,0,0
102383,0,0
102385,0,0
102387,0,0
10239,0,0
102391,0,0
102393,0,0
102394,0,0
102395,0,0
102396,0,0
102398,0,0
10240,0,0
102400,0,0
102401,0,0
102403,0,0
102404,0,0
102405,0,0
102406,0,0
102408,0,0
102409,0,0
10241,0,0
102411,0,0
102412,0,0
102416,0,0
102418,0,0
102420,0,0
102421,0,0
102424,0,0
102425,0,0
102428,0,0
102430,0,0
102437,0,0
10244,0,0
102441,0,0
102442,0,0
102443,0,0
102451,0,0
102453,0,0
102454,0,0
102455,0,0
102457,0,0
102458,0,0
102459,0,0
10246,0,0
102460,0,0
102461,0,0
102464,0,0
102465,0,0
102466,0,0
10247,0,0
102471,0,0
102473,0,0
102475,0,0
102476,0,0
10248,0,0
102480,0,0
102485,0,0
102486,0,0
102487,0,0
102488,0,0
102489,0,0
102490,0,0
102492,0,0
102493,0,0
102494,0,0
102496,0,0
102498,0,0
102499,0,0
1025,0,0
10250,0,0
102500,0,0
102502,0,0
102505,0,0
102506,0,0
102509,0,0
102510,0,0
102511,0,0
102512,0,0
102513,0,0
102514,0,0
102517,0,0
102518,0,1
102519,0,0
10252,0,0
102520,0,0
102521,0,0
102522,0,0
102523,0,0
102524,0,0
102525,0,0
102526,0,0
102527,0,0
102528,0,0
102529,0,0
102530,1,1
102533,0,0
102534,0,0
102535,0,0
102536,0,0
102539,0,0
10254,0,0
102542,0,0
102543,0,0
102546,0,0
102547,0,0
102550,0,0
102551,0,0
102553,0,0
102555,0,0
102558,0,0
10256,0,0
102560,0,0
102561,0,0
102563,0,0
102566,0,0
102567,0,0
102568,0,0
10257,0,0
102570,0,0
102571,0,0
102572,0,0
102573,0,0
102574,0,0
102575,0,0
102576,0,0
102577,0,0
102578,0,0
102579,0,0
102580,0,0
102581,0,0
102582,0,0
102583,0,0
102584,0,0
102585,0,0
102586,0,0
102588,0,0
10259,0,0
102592,0,0
102593,0,0
102595,0,0
102596,0,0
102597,0,0
1026,0,0
10260,0,0
102600,0,0
102601,0,0
102602,0,0
102603,0,0
102604,0,0
102606,0,0
102607,0,0
102608,0,0
102609,0,0
10261,0,0
102610,0,0
102611,0,0
102613,0,0
102616,0,0
102617,0,0
102618,0,0
102619,0,0
102621,0,0
102623,0,0
102624,0,0
10263,0,0
102630,0,0
102631,0,0
102632,0,0
102633,0,0
102638,0,0
102639,0,0
102640,0,0
102641,0,0
102643,0,0
102644,0,0
102646,0,0
102647,0,0
102649,0,0
102651,0,0
102652,0,0
102654,0,0
102655,0,0
102656,0,0
102658,0,0
10266,0,0
102660,0,0
102662,0,0
102663,0,0
102664,0,0
102665,0,0
102666,0,0
102667,0,0
102668,0,0
102669,0,0
10267,0,0
102670,0,0
102671,0,0
102672,0,0
102673,0,0
102674,0,0
102676,0,0
102677,0,0
102679,0,0
102681,0,0
102682,0,0
102684,0,0
102685,0,0
102686,0,0
102687,0,0
102688,0,0
102689,0,0
10269,0,0
102690,0,0
102692,0,0
102694,0,0
102696,0,0
102699,0,0
1027,0,0
102700,0,0
102701,0,0
102702,0,0
102703,0,0
102707,0,0
10271,0,0
102710,0,0
102712,0,0
102714,0,0
102717,0,0
102718,0,0
102719,0,0
10272,0,0
102721,0,0
102722,0,0
102724,0,0
102727,0,0
102729,0,0
10273,0,0
102730,0,0
102732,0,0
102733,0,0
102734,0,0
102735,0,0
102736,0,0
102737,0,0
102740,0,0
102741,0,0
102743,0,0
102746,0,0
102747,0,0
102748,0,0
102749,0,0
10275,0,0
102752,0,0
102753,0,0
102754,0,0
102757,0,0
102758,0,0
102759,0,0
102760,0,0
102761,0,0
102764,0,0
102765,0,0
102766,0,0
102768,0,0
102769,0,0
10277,0,0
102770,0,1
102771,0,0
102772,0,0
102774,0,0
102776,0,0
102777,0,0
102778,0,0
102780,0,1
102781,0,0
102782,0,0
102783,0,0
102784,0,0
102785,0,0
102786,0,0
102787,0,0
102788,0,0
102789,0,0
10279,0,0
102790,0,0
102791,0,0
102792,0,0
102793,0,0
102795,0,0
102796,0,0
102797,0,0
102799,0,0
1028,0,0
10280,0,0
102801,0,0
102803,0,0
102804,0,0
102805,0,0
10281,0,0
102810,0,0
102811,0,0
102812,0,0
102813,0,0
102814,0,0
102816,0,1
102818,0,0
102819,0,0
102821,0,0
102823,0,0
102824,0,0
102825,0,0
102826,0,0
102827,0,0
102830,0,0
102831,0,0
102833,0,0
102837,0,0
102838,0,0
10284,0,0
102841,0,0
10288,0,0
103056,0,0
103270,0,0
103944,0,0
104324,0,0
104373,0,0
10448,0,0
104668,0,0
104889,0,0
104916,0,0
105047,0,0
105069,0,0
105156,0,0
105177,0,0
105547,0,0
105698,0,0
106110,0,0
106157,0,0
106181,0,0
106349,0,0
106509,0,0
106821,0,0
107037,0,0
107503,0,0
107639,0,0
107700,0,0
107766,0,0
108419,0,0
108562,0,0
108668,0,0
109503,0,0
109639,0,1
109669,0,0
109706,0,0
109741,0,0
109862,0,0
109886,0,0
109888,0,0
109914,1,0
110264,0,0
110301,0,0
110497,0,0
110500,0,0
110697,0,0
110742,0,1
110973,0,0
111105,0,0
111790,0,0
111861,0,0
111967,0,0
112035,0,0
112081,0,0
112278,0,0
112562,0,0
112626,1,1
112785,1,1
112813,1,1
112865,1,1
113031,1,1
113053,1,1
113122,1,1
11350,1,1
113717,1,0
113928,1,1
113951,1,1
114149,1,1
11444,1,0
114545,1,1
114673,1,1
114757,1,1
114893,1,1
115003,1,1
115037,1,1
115137,1,1
115255,1,0
115324,1,1
115348,1,0
115430,1,1
115631,1,1
115640,1,1
1159,1,1
115937,1,1
11602,1,1
11627,1,1
116417,1,1
116489,1,1
116596,1,0
116678,1,1
116788,1,1
116867,1,1
116886,1,1
116955,1,1
117083,1,1
117330,1,1
117379,1,1
117605,1,1
117845,1,1
117846,1,1
118105,1,1
118111,1,1
118201,1,1
118405,1,0
118411,1,1
118425,1,1
118621,1,1
118690,1,1
118878,1,0
119156,1,1
119237,1,1
119447,1,0
119547,1,1
119625,1,1
119932,1,1
120071,1,1
120292,1,1
120344,1,1
12106,1,1
121238,1,0
121271,1,1
121300,1,1
121463,1,1
121487,1,1
12167,1,1
122115,1,1
122345,1,1
123332,1,0
123339,1,1
123721,1,0
123724,1,1
123901,1,1
123932,1,1
124110,1,1
124139,1,1
124158,1,0
124389,1,1
124503,1,1
12465,1,1
124659,1,1
12476,1,1
125330,1,1
125379,1,1
125444,1,1
125659,1,1
125765,1,1
125901,1,1
125940,1,1
126145,1,1
12628,1,1
126537,1,0
126697,1,1
127505,1,1
128008,1,0
128037,1,1
128138,1,1
128518,1,1
128539,1,1
128612,1,1
128707,1,1
128710,1,0
129023,1,1
129111,1,1
129342,1,1
129961,1,0
130113,1,1
130161,1,1
130473,1,1
13071,1,1
130762,1,1
131156,1,1
131233,1,1
131369,1,1
131446,1,1
131515,1,1
131516,1,1
13177,1,0
132010,1,1
13246,1,1
132485,1,1
132853,1,1
132877,1,1
132939,1,0
132954,1,1
132987,1,1
133013,1,1
133612,1,1
133880,1,1
134229,1,1
134280,1,1
134307,1,1
134456,1,0
134648,1,0
134660,1,1
134699,1,0
134866,1,1
135126,1,1
13520,1,1
135200,1,1
135274,1,1
135283,1,1
135370,1,1
135629,1,1
13582,1,1
135838,1,1
135857,1,1
136243,1,0
136272,1,1
136480,1,1
136503,1,0
136638,1,1
136766,1,0
13690,1,1
137110,1,1
137134,1,1
137210,1,1
137729,1,1
137822,1,1
137940,1,1
137991,1,1
138141,1,1
138151,1,1
138378,1,1
138396,1,1
138465,1,1
13874,1,1
138753,1,0
138799,1,1
138991,1,0
139045,1,1
13939,1,1
139623,1,1
139653,1,1
139740,1,1
139766,1,1
139969,1,0
139991,1,1
14006,1,1
140215,1,1
140265,1,1
140284,1,1
140372,1,1
140430,1,1
140486,1,1
141103,1,1
141173,1,1
141327,1,1
141708,1,1
142036,1,1
142057,1,0
142076,1,1
142103,1,1
142357,1,1
142556,1,0
142651,1,0
142655,1,0
142894,1,1
14307,1,1
143515,1,1
143717,1,1
143764,1,1
144391,1,1
144457,1,1
144561,1,1
144993,1,1
145176,1,1
145442,1,1
145569,1,1
145738,1,1
145835,1,1
145940,1,1
145990,1,1
146201,1,1
146353,1,0
146417,1,1
146444,1,1
146457,1,1
146570,1,1
14665,1,0
14670,1,1
146810,1,0
146838,1,1
147203,1,1
147442,1,1
147542,1,1
147757,1,1
14805,1,1
148951,1,1
149578,1,1
149612,1,1
149782,1,1
150116,1,0
150456,1,1
150570,1,1
150572,1,1
150780,1,1
150839,1,1
151261,1,1
151381,1,0
151500,1,1
151665,1,1
15181,1,1
151942,1,1
151971,1,0
151979,1,1
152023,1,1
152024,1,1
152106,1,0
15229,1,1
152321,1,1
152461,1,1
152501,1,1
152707,1,1
152737,1,0
152843,1,1
153070,1,1
153190,1,1
153283,1,1
153578,1,0
153637,1,1
153668,1,1
153956,1,0
153962,1,1
154311,1,1
154606,1,1
154827,1,1
154831,1,0
154944,1,1
154966,1,1
155363,1,1
155397,1,1
155523,1,1
155652,1,1
155716,1,0
155916,1,1
155917,1,1
156143,1,1
156208,1,1
156393,1,1
156733,1,1
156851,1,1
156861,1,1
157030,1,1
157044,1,1
157051,1,1
157135,1,1
15727,1,1
157284,1,0
157500,1,1
157820,1,1
158037,1,1
158318,1,1
15853,1,1
15919,1,0
159481,1,1
160075,1,1
160102,1,0
16018,1,1
160239,1,0
160396,1,1
160476,1,1
160627,1,1
160886,1,1
16116,1,1
16137,1,1
161451,1,1
161796,1,1
161990,1,1
162145,1,1
162149,1,1
162248,1,0
162271,1,1
162458,1,0
162573,1,1
16272,1,1
162761,1,0
162801,1,1
162944,1,1
1630,1,1
163558,1,1
163831,1,1
163961,1,1
164235,1,1
164555,1,1
164672,1,1
164782,1,1
164942,1,1
16505,1,1
165224,1,1
165327,1,1
16539,1,1
165518,1,1
16612,1,1
166134,1,1
16622,1,1
166646,1,1
166667,1,1
166895,1,0
166896,1,1
166959,1,0
167176,1,0
167287,1,1
167400,1,1
167510,1,1
167696,1,0
167838,1,1
167949,1,1
16878,1,1
168790,1,1
168872,1,0
169050,1,1
169230,1,1
169240,1,1
169481,1,1
169556,1,1
169573,1,1
169627,1,1
169642,1,1
170035,1,1
170059,1,1
170122,1,1
170149,1,1
17029,1,1
170439,1,1
170892,1,1
171241,1,1
171458,1,1
17146,1,1
171482,1,0
171668,1,1
171690,1,1
171871,1,0
172173,1,1
17232,1,1
172510,1,1
172512,1,1
172620,1,1
172739,1,1
172876,1,0
173017,1,1
173138,1,0
1732,1,0
173307,1,0
173593,1,1
173641,1,1
173778,1,1
173946,1,1
174313,1,1
174580,1,1
174611,1,1
174927,1,1
174976,1,1
175279,1,1
175324,1,1
175450,1,0
175723,1,1
175958,1,1
176050,1,1
176089,1,1
176653,1,1
176883,1,1
176951,1,0
176954,1,1
177075,1,1
177210,1,1
177277,1,1
177528,1,1
177572,1,0
177648,1,1
177689,1,0
177797,1,1
178037,1,1
178049,1,1
178145,1,1
178257,1,1
178341,1,1
178465,1,1
178814,1,1
178901,1,1
179031,1,0
17909,1,1
179193,1,1
179569,1,1
179713,1,1
17995,1,1
179955,1,1
180210,1,1
180322,1,0
180530,1,1
180702,1,1
180874,1,1
181173,1,1
181278,1,0
182204,1,1
182370,1,1
182701,1,1
182733,1,1
182765,1,1
183013,1,1
183323,1,1
183349,1,1
183359,1,1
183645,1,1
183804,1,1
183904,1,1
183924,1,1
183964,1,0
18410,1,1
184112,1,1
184267,1,1
184474,1,1
184482,1,1
184648,1,0
184717,1,1
185318,1,1
185484,1,1
185598,1,1
185629,1,1
185647,1,1
185653,1,1
185946,1,1
186088,1,1
18617,1,1
18619,1,0
186233,1,1
186393,1,1
186422,1,1
186424,1,1
186487,1,1
186581,1,1
186637,1,1
186643,1,1
186893,1,1
187446,1,1
187557,1,1
18763,1,1
188057,1,1
188210,1,1
188781,1,1
18887,1,1
188955,1,1
188995,1,1
189039,1,1
189231,1,0
189269,1,1
189554,1,1
189934,1,1
190082,1,1
190133,1,0
190146,1,1
190594,1,1
19087,1,1
19138,1,0
191411,1,1
191544,1,1
191575,1,1
191991,1,0
192092,1,1
192569,1,1
192673,1,1
192833,1,1
19323,1,1
193461,1,1
193526,1,1
193620,1,1
193621,1,1
193754,1,1
193768,1,0
193801,1,0
194411,1,1
194420,1,1
194506,1,0
194635,1,1
194694,1,1
194881,1,0
195014,1,1
195321,1,1
195420,1,1
19561,1,1
19568,1,1
195710,1,1
195969,1,1
196041,1,1
196096,1,0
19612,1,1
196153,1,0
196196,1,1
196222,1,1
196290,1,1
196894,1,1
197085,1,1
197097,1,1
197309,1,1
197672,1,1
19773,1,1
198283,1,1
198382,1,1
198484,1,1
198525,1,1
198823,1,1
199170,1,1
199332,1,1
199339,1,1
200111,1,1
200130,1,0
20014,1,0
200169,1,1
200388,1,1
2005,1,1
200672,1,1
200780,1,1
200793,1,1
200815,1,1
201118,1,1
201412,1,1
201497,1,1
201594,1,1
201611,1,0
201786,1,1
201895,1,1
201956,1,1
202014,1,1
202028,1,1
202029,1,1
202061,1,1
202158,1,1
202310,1,1
202398,1,1
202443,1,1
202691,1,0
203184,1,1
20328,1,1
203287,1,1
203507,1,1
203681,1,1
203723,1,1
203947,1,1
203977,1,1
204111,1,0
204197,1,1
204218,1,0
204243,1,1
204436,1,0
204596,1,1
204731,1,1
204746,1,0
204816,1,1
204935,1,1
204959,1,1
204976,1,1
204998,1,0
205207,1,1
205210,1,1
20557,1,1
205612,1,1
205618,1,1
205961,1,1
206141,1,1
206290,1,1
206743,1,1
206753,1,0
206988,1,0
207019,1,1
207024,1,1
20731,1,1
207330,1,0
207404,1,1
207591,1,1
207758,1,1
207876,1,1
207877,1,1
208145,1,0
208171,1,1
208265,1,1
208456,1,1
20850,1,1
208914,1,1
208931,1,1
209002,1,1
209051,1,1
209471,1,1
2099,1,1
20990,1,1
21003,1,1
210054,1,1
21042,1,1
210430,1,1
210533,1,0
210618,1,1
211007,1,1
211015,1,1
211034,1,0
211158,1,1
211458,1,0
211655,1,1
211658,1,1
211747,1,1
211781,1,1
21186,1,1
212193,1,1
212639,1,1
212833,1,1
212867,1,1
212978,1,0
213127,1,1
213601,1,1
213634,1,1
213748,1,0
213885,1,1
213890,1,0
21390,1,1
214046,1,1
214200,1,1
214246,1,1
214338,1,1
214511,1,1
214549,1,0
214555,1,1
214822,1,0
215103,1,1
215259,1,1
215312,1,1
215494,1,1
215622,1,1
215799,1,1
215819,1,1
215840,1,1
215903,1,1
216066,1,1
21608,1,1
216252,1,0
216259,1,1
21642,1,1
216750,1,1
216758,1,1
216874,1,1
21690,1,0
217459,1,1
217567,1,1
217630,1,1
217846,1,1
217987,1,1
217988,1,1
218405,1,1
218759,1,1
218778,1,1
21952,1,1
220423,1,1
220488,1,1
2205,1,1
220572,1,1
22062,1,1
220702,1,1
221156,1,1
221233,1,1
221506,1,1
22154,1,1
22175,1,1
221805,1,1
221890,1,0
221942,1,1
221950,1,1
221969,1,1
221984,1,1
222014,1,1
222048,1,1
222203,1,1
222308,1,1
222371,1,1
222497,1,1
222531,1,1
222545,1,1
22264,1,1
222689,1,1
223058,1,1
223289,1,1
223301,1,1
223540,1,1
223672,1,1
223783,1,1
223872,1,1
223999,1,1
224392,1,1
224698,1,1
224806,1,1
224807,1,1
224928,1,1
224988,1,1
225104,1,1
225682,1,1
225766,1,1
225876,1,1
226311,1,1
226494,1,1
226791,1,1
226799,1,1
226852,1,1
227074,1,1
22719,1,1
22749,1,1
22781,1,1
227888,1,1
227915,1,1
228314,1,1
228326,1,1
228329,1,0
228843,1,0
229056,1,1
229404,1,1
229540,1,1
229807,1,0
229933,1,0
230134,1,1
23015,1,0
230247,1,1
230642,1,0
230740,1,1
230772,1,1
230825,1,0
230870,1,1
231169,1,1
231550,1,1
231695,1,1
231785,1,0
232,1,1
232040,1,1
232156,1,1
232500,1,1
23258,1,1
232583,1,1
232966,1,0
233234,1,1
233702,1,1
233751,1,1
233962,1,1
233992,1,1
234179,1,0
234220,1,1
234462,1,1
234599,1,1
234695,1,1
234723,1,1
234750,1,1
234849,1,1
234853,1,1
235132,1,1
235200,1,1
235278,1,1
235296,1,1
235348,1,1
235642,1,1
235698,1,1
23622,1,1
236444,1,1
236483,1,1
236754,1,1
236888,1,1
237141,1,1
237356,1,1
237582,1,0
237719,1,1
237807,1,1
237879,1,1
237974,1,0
238252,1,1
238604,1,1
238705,1,1
238756,1,1
238822,1,1
238988,1,1
239131,1,1
239218,1,1
239241,1,1
239304,1,1
239394,1,0
239990,1,1
240248,1,1
240301,1,1
240580,1,1
240738,1,1
240830,1,1
240947,1,1
240967,1,1
241,1,1
241224,1,1
241531,1,1
241576,1,0
241724,1,0
241744,1,1
242465,1,1
242733,1,1
24282,1,1
242869,1,1
243009,1,0
243023,1,1
243042,1,1
243715,1,1
244010,1,1
244029,1,1
244058,1,1
244239,1,1
244298,1,1
244434,1,1
244694,1,1
245039,1,1
245666,1,1
245860,1,1
24642,1,1
246451,1,1
246482,1,0
246502,1,1
247185,1,1
247286,1,1
24731,1,1
24732,1,1
247348,1,0
247434,1,1
247487,1,1
24774,1,1
247833,1,1
247862,1,1
247876,1,0
248123,1,1
24819,1,0
248776,1,1
249036,1,1
249284,1,1
249913,1,1
249996,1,1
250081,1,1
250311,1,0
250668,1,1
250764,1,1
250908,1,0
250996,1,1
251216,1,0
251401,1,0
251644,1,1
25188,1,1
251937,1,1
252150,1,1
252386,1,1
252440,1,1
252661,1,1
252666,1,1
252686,1,1
252687,1,1
253105,1,1
253236,1,1
253260,1,0
253441,1,1
253503,1,1
253633,1,1
253720,1,1
253726,1,1
253744,1,1
253857,1,1
254052,1,1
254484,1,1
255087,1,1
255294,1,1
255298,1,1
255755,1,1
255766,1,1
255978,1,1
256838,1,1
257122,1,1
25743,1,1
257437,1,1
257575,1,1
257856,1,1
258012,1,1
258266,1,1
258514,1,1
258572,1,1
258766,1,0
258787,1,0
258792,1,1
258883,1,1
258905,1,0
258928,1,1
258961,1,1
259100,1,1
259352,1,1
259403,1,1
259410,1,0
259961,1,1
2602,1,1
260232,1,1
260298,1,1
260631,1,1
260711,1,1
260728,1,1
261314,1,1
261435,1,1
261596,1,1
261645,1,1
261650,1,1
261902,1,1
261968,1,1
262114,1,1
262130,1,1
262310,1,1
262337,1,0
262361,1,0
26242,1,1
262515,1,1
262519,1,1
263026,1,1
263072,1,0
263233,1,1
26334,1,0
263354,1,1
264115,1,1
26425,1,1
26427,1,1
264283,1,1
264343,1,1
264399,1,1
265024,1,1
265092,1,1
265498,1,1
265766,1,1
265770,1,1
265832,1,1
265851,1,0
266013,1,1
266043,1,1
266072,1,1
266416,1,0
266627,1,1
266829,1,1
266957,1,1
267048,1,1
267071,1,1
267627,1,1
267653,1,1
267683,1,0
267693,1,1
26772,1,1
267721,1,0
267726,1,1
26788,1,1
267926,1,1
267937,1,1
268137,1,1
268223,1,0
268376,1,1
26881,1,1
269129,1,1
269169,1,1
269334,1,1
26959,1,1
269674,1,1
270260,1,1
270421,1,1
270752,1,1
270838,1,1
271365,1,1
271480,1,1
271734,1,1
272133,1,1
272139,1,1
272146,1,0
272240,1,1
272514,1,1
272839,1,1
272872,1,1
273566,1,0
273586,1,1
273686,1,1
273741,1,1
274128,1,1
274269,1,1
274329,1,1
274333,1,1
274477,1,0
275112,1,1
275336,1,1
275474,1,1
275561,1,1
275662,1,1
275683,1,1
27569,1,1
276024,1,1
2761,1,0
276154,1,1
276158,1,1
276766,1,1
276803,1,0
276913,1,1
276969,1,1
276997,1,1
276998,1,1
277009,1,1
277503,1,1
277611,1,1
277906,1,1
277955,1,1
277991,1,1
278332,1,1
278530,1,0
27865,1,1
279018,1,1
279062,1,1
279272,1,1
279673,1,1
279771,1,1
279801,1,1
279814,1,1
280297,1,1
28038,1,1
280515,1,1
280588,1,1
280607,1,1
280858,1,1
280938,1,1
281050,1,1
281075,1,1
281283,1,1
281305,1,1
281312,1,1
281321,1,1
281533,1,1
281588,1,0
281630,1,1
281636,1,1
281687,1,1
281707,1,1
281732,1,1
282042,1,1
282273,1,1
282276,1,1
28273,1,1
283000,1,1
283303,1,1
283509,1,1
284020,1,1
284081,1,1
284092,1,1
284144,1,1
284174,1,1
284220,1,1
284387,1,1
284531,1,1
284548,1,1
284740,1,1
285000,1,1
285041,1,0
285191,1,0
285299,1,1
285541,1,1
285633,1,1
285815,1,1
28617,1,1
286279,1,1
286785,1,1
286797,1,1
286953,1,1
28709,1,1
287093,1,0
287285,1,1
287465,1,1
287519,1,1
287594,1,1
28784,1,1
288119,1,1
288221,1,1
288448,1,1
288578,1,1
288888,1,1
289009,1,1
289029,1,1
289118,1,0
289315,1,1
289786,1,1
289969,1,1
290072,1,1
290408,1,0
290480,1,1
290694,1,1
290910,1,0
291006,1,1
291366,1,1
291489,1,1
291720,1,0
292005,1,1
292127,1,1
292296,1,1
292299,1,1
292415,1,1
293048,1,1
293348,1,1
293532,1,1
293576,1,1
293823,1,1
293956,1,1
294395,1,1
2944,1,1
294423,1,1
294439,1,1
294750,1,1
294923,1,1
294952,1,1
295012,1,1
295058,1,1
295105,1,1
29544,1,1
295515,1,1
295759,1,0
296584,1,1
29661,1,1
296824,1,0
296836,1,1
296841,1,1
297209,1,1
297225,1,1
297556,1,1
297711,1,1
298057,1,0
298109,1,1
298132,1,1
298806,1,1
298852,1,0
298882,1,1
298982,1,0
299019,1,1
299075,1,1
299179,1,1
299248,1,1
299363,1,0
299593,1,0
299598,1,1
299753,1,0
30000,1,1
300227,1,1
300273,1,1
30030,1,1
300539,1,1
30059,1,1
30069,1,1
30082,1,1
300879,1,1
300996,1,1
301167,1,0
30120,1,1
301383,1,1
301466,1,1
301641,1,1
301741,1,1
301807,1,1
301827,1,1
301893,1,1
3019,1,1
30280,1,1
302871,1,1
30299,1,1
303421,1,1
303578,1,0
303777,1,0
303955,1,1
303968,1,1
304092,1,1
304505,1,1
304641,1,1
304759,1,1
30491,1,1
304933,1,1
305343,1,1
305692,1,1
305756,1,1
305773,1,1
305891,1,1
305916,1,0
306193,1,1
306480,1,1
306608,1,1
306796,1,1
307029,1,0
307473,1,1
307556,1,1
307652,1,1
307688,1,0
307879,1,1
308074,1,1
308093,1,1
308132,1,1
308142,1,1
308363,1,1
308543,1,1
309128,1,1
30924,1,1
309459,1,1
309492,1,1
309750,1,1
30976,1,0
309942,1,1
310259,1,1
310409,1,1
310544,1,1
310707,1,0
310721,1,1
310744,1,1
310801,1,1
311105,1,1
311165,1,1
311240,1,1
311304,1,0
311463,1,1
311594,1,1
311748,1,1
311813,1,1
311856,1,1
31200,1,1
312252,1,0
312332,1,1
312672,1,1
312677,1,1
313002,1,1
313082,1,1
31317,1,1
31364,1,1
313713,1,1
313792,1,1
313958,1,1
313984,1,1
314046,1,1
314642,1,1
314741,1,1
314811,1,1
314818,1,1
315153,1,0
315422,1,1
315743,1,0
315770,1,1
315874,1,1
315894,1,1
316023,1,0
316060,1,1
316176,1,1
316285,1,1
31650,1,1
316536,1,1
316667,1,1
31733,1,1
317623,1,1
317626,1,1
317629,1,1
317747,1,1
3179,1,1
318107,1,1
31826,1,1
318785,1,1
318957,1,1
319008,1,1
319036,1,1
31931,1,1
319323,1,1
319406,1,1
319492,1,1
319500,1,0
319812,1,0
320165,1,1
320333,1,1
320461,1,1
320496,1,1
320527,1,1
320543,1,1
320588,1,1
320895,1,0
32093,1,1
320968,1,1
321125,1,0
321230,1,1
321343,1,1
321382,1,1
321408,1,1
321472,1,1
321785,1,1
322133,1,1
322242,1,1
322452,1,1
322556,1,1
322831,1,1
323032,1,1
323253,1,1
32332,1,1
323459,1,1
323798,1,0
323842,1,1
324021,1,0
324058,1,1
324123,1,1
324476,1,1
324709,1,1
324728,1,1
324784,1,1
324830,1,1
324874,1,0
325428,1,1
325516,1,1
325638,1,1
325728,1,1
325918,1,1
325919,1,1
326125,1,0
326170,1,0
326258,1,1
326341,1,1
326485,1,1
326905,1,1
327165,1,1
327272,1,1
327313,1,1
327965,1,1
327987,1,1
327995,1,1
328332,1,1
328504,1,1
328738,1,1
329068,1,1
329272,1,0
330252,1,1
330417,1,1
330666,1,1
331165,1,1
331674,1,0
331765,1,1
331986,1,1
33201,1,1
332167,1,0
332191,1,1
332285,1,0
332415,1,1
332467,1,1
332547,1,1
332703,1,1
333135,1,1
33316,1,1
33319,1,1
333269,1,1
333534,1,0
33386,1,0
33396,1,1
334060,1,1
334118,1,1
334119,1,1
334476,1,0
334832,1,1
334969,1,1
335184,1,1
335359,1,1
335633,1,1
336138,1,1
336288,1,1
336329,1,1
336502,1,0
33660,1,1
336730,1,1
336806,1,1
337175,1,1
337373,1,0
337398,1,1
337533,1,1
337609,1,1
337937,1,1
337942,1,1
338002,1,1
338025,1,1
338054,1,1
338241,1,1
338285,1,1
3397,1,1
34077,1,1
34275,1,1
34566,1,1
34718,1,1
34901,1,1
34974,1,1
35028,1,1
3507,1,1
35129,1,1
35485,1,1
35504,1,1
35575,1,1
35700,1,1
35708,1,1
35915,1,1
3597,1,1
36537,1,0
36845,1,1
37104,1,1
37561,1,1
3767,1,1
37751,1,1
37869,1,1
37969,1,1
38019,1,1
38241,1,1
38254,1,1
3857,1,1
38827,1,1
39140,1,1
39360,1,1
39601,1,1
39757,1,1
39859,1,1
40047,1,1
40632,1,1
41215,1,1
41605,1,1
41785,1,1
41948,1,1
41951,1,1
41985,1,1
42153,1,0
42831,1,1
42893,1,1
43059,1,1
43120,1,1
43145,1,1
43611,1,0
43843,1,1
4386,1,1
4436,1,1
44395,1,0
4444,1,1
44592,1,1
44919,1,1
44974,1,0
45060,1,1
45110,1,1
45248,1,0
45391,1,1
45540,1,1
45617,1,1
4583,1,0
45845,1,1
4608,1,1
46180,1,1
46233,1,1
46290,1,1
46291,1,1
46472,1,1
46795,1,1
46904,1,1
47073,1,1
47110,1,1
47180,1,1
47248,1,0
480,1,1
48282,1,1
48365,1,0
48474,1,1
48762,1,1
48817,1,1
48962,1,1
49389,1,1
49516,1,1
50006,1,1
50070,1,1
50126,1,1
50390,1,1
50516,1,1
51180,1,1
51374,1,1
5155,1,1
52035,1,1
52216,1,1
52421,1,1
52520,1,1
52527,1,1
526,1,1
52694,1,1
52759,1,0
53000,1,0
53202,1,1
53208,1,1
53324,1,1
53450,1,1
53467,1,1
53621,1,1
53746,1,1
54252,1,1
54309,1,1
54631,1,1
54730,1,0
5474,1,1
55005,1,1
5533,1,1
55362,1,1
56074,1,1
56170,1,0
563,1,1
56391,1,0
56465,1,1
56633,1,0
56638,1,1
56730,1,1
56794,1,0
5683,1,1
56861,1,1
56983,1,1
57592,1,1
5768,1,1
58019,1,1
58051,1,0
58052,1,1
58429,1,1
58435,1,1
58743,1,1
59453,1,1
59634,1,1
59947,1,1
59969,1,1
60178,1,0
60801,1,1
61106,1,1
61781,1,1
6196,1,1
62010,1,1
62279,1,0
62408,1,1
62428,1,1
62496,1,1
62575,1,1
62643,1,0
62899,1,1
62948,1,1
62959,1,1
63006,1,1
6306,1,1
63382,1,1
63418,1,1
63577,1,1
63652,1,1
64375,1,1
64414,1,1
64524,1,1
6490,1,1
6525,1,1
65271,1,1
65444,1,1
65458,1,1
6563,1,1
65706,1,1
65901,1,1
66025,1,1
66381,1,1
66578,1,1
66768,1,0
66941,1,1
66975,1,1
673,1,0
67373,1,1
67547,1,1
67740,1,1
67857,1,1
68114,1,1
6832,1,1
68361,1,1
68584,1,1
68697,1,0
68709,1,0
68730,1,1
68801,1,1
69111,1,1
69609,1,1
69677,1,1
69825,1,1
69985,1,1
70053,1,1
70713,1,1
70842,1,1
70868,1,1
70907,1,1
71132,1,1
71514,1,0
71832,1,1
72265,1,1
72327,1,0
72487,1,1
72536,1,1
72680,1,1
72923,1,1
73044,1,1
73330,1,1
73342,1,1
73418,1,1
73713,1,1
73802,1,1
7401,1,1
74240,1,1
74251,1,1
74267,1,1
74323,1,1
74336,1,1
74448,1,1
75092,1,1
75164,1,0
75313,1,1
75347,1,1
75746,1,1
7577,1,1
75812,1,1
75883,1,1
76245,1,1
7672,1,1
76787,1,1
76944,1,1
77307,1,1
77741,1,1
77756,1,1
7798,1,1
78150,1,0
78316,1,1
78343,1,1
78416,1,1
78620,1,1
78797,1,1
78799,1,1
78974,1,1
79015,1,1
79093,1,1
79114,1,0
79372,1,1
79824,1,1
80023,1,1
80075,1,1
80118,1,1
80468,1,1
80473,1,0
80494,1,1
80600,1,1
81049,1,0
81074,1,1
8134,1,1
81703,1,1
81821,1,1
81863,1,1
82023,1,1
82559,1,1
8287,1,1
83250,1,1
83600,1,1
83674,1,1
83767,1,1
83829,1,1
8394,1,1
83990,1,1
84014,1,0
84049,1,1
84147,1,1
84188,1,1
84241,1,1
8429,1,1
84786,1,1
84891,1,1
85168,1,1
85534,1,1
85664,1,0
85675,1,1
85822,1,1
86376,1,1
86453,1,1
86471,1,1
86600,1,1
8672,1,1
86871,1,1
86918,1,1
8701,1,1
87269,1,0
8731,1,1
87484,1,1
87842,1,1
88026,1,1
88284,1,1
88443,1,1
88479,1,1
88503,1,1
88644,1,1
88665,1,1
891,1,1
89171,1,1
89256,1,1
89366,1,1
89380,1,0
89454,1,1
89485,1,1
89597,1,1
89623,1,1
89789,1,0
89802,1,1
90098,1,1
90099,1,1
90449,1,1
90953,1,0
9112,1,1
91126,1,1
9170,1,1
92234,1,0
9261,1,1
93232,1,1
93398,1,1
93667,1,1
93749,1,1
93962,1,1
94103,1,1
94181,1,0
94353,1,0
94487,1,1
94564,1,1
948,1,1
94802,1,1
94840,1,1
95026,1,1
95085,1,1
95149,1,1
95158,1,1
95391,1,1
95393,1,1
95456,1,1
96350,1,1
97043,1,1
97089,1,1
97154,1,1
97666,1,1
97891,1,1
98040,1,0
98403,1,0
98573,1,1
9863,1,0
98746,1,1
98888,1,1
98991,1,1
99120,1,1
99138,1,0
99626,1,1
99633,1,0
99635,1,1
