173641,1.0,1.0
170149,1.0,1.0
172876,1.0,1.0
78343,1.0,1.0
102571,0.0,0.0
102054,0.0,0.0
101776,1.0,0.0
120071,1.0,1.0
102584,1.0,0.0
101940,1.0,0.0
193461,1.0,1.0
100651,0.0,0.0
101908,0.0,0.0
102086,0.0,0.0
168790,1.0,1.0
102078,0.0,0.0
226799,1.0,1.0
102712,0.0,0.0
216758,1.0,1.0
39601,1.0,1.0
101514,1.0,0.0
13939,1.0,1.0
100253,0.0,0.0
167838,1.0,1.0
101120,0.0,0.0
146201,1.0,1.0
101724,0.0,0.0
89171,1.0,1.0
100299,1.0,0.0
161796,1.0,1.0
108419,1.0,1.0
100171,0.0,0.0
18763,1.0,1.0
100656,0.0,0.0
10115,0.0,0.0
74336,1.0,1.0
9112,1.0,1.0
100902,0.0,0.0
265024,1.0,1.0
144561,1.0,1.0
101166,0.0,0.0
100650,0.0,0.0
334969,1.0,1.0
100203,0.0,0.0
100105,0.0,0.0
100740,0.0,0.0
174976,1.0,1.0
99635,1.0,1.0
84188,1.0,1.0
110500,1.0,1.0
100221,1.0,0.0
250081,1.0,1.0
101236,0.0,0.0
100743,1.0,0.0
51180,1.0,1.0
100800,0.0,0.0
107766,1.0,1.0
101051,0.0,0.0
338054,1.0,1.0
151979,1.0,1.0
41951,1.0,1.0
101608,1.0,0.0
100767,0.0,0.0
102500,0.0,0.0
211655,1.0,1.0
102100,1.0,0.0
139045,1.0,1.0
298806,1.0,1.0
100774,0.0,0.0
66381,1.0,1.0
100349,0.0,0.0
206743,1.0,1.0
130762,1.0,1.0
101400,0.0,0.0
317629,0.0,1.0
145569,0.0,1.0
38827,1.0,1.0
100079,1.0,0.0
56794,1.0,1.0
211015,1.0,1.0
313713,1.0,1.0
281588,1.0,1.0
10127,0.0,0.0
187557,1.0,1.0
10040,0.0,0.0
100273,0.0,0.0
9261,1.0,1.0
102420,0.0,0.0
303777,1.0,1.0
10158,0.0,0.0
100863,0.0,0.0
70713,1.0,1.0
182765,1.0,1.0
102517,0.0,0.0
334476,1.0,1.0
101149,0.0,0.0
121487,1.0,1.0
9170,1.0,1.0
310707,1.0,1.0
102786,0.0,0.0
338002,0.0,1.0
334119,1.0,1.0
100118,0.0,0.0
102122,0.0,0.0
190594,1.0,1.0
118621,1.0,1.0
101767,1.0,0.0
100522,1.0,0.0
100070,0.0,0.0
100199,1.0,0.0
265498,1.0,1.0
195969,1.0,1.0
102550,0.0,0.0
101858,0.0,0.0
102140,1.0,0.0
267653,1.0,1.0
50390,1.0,1.0
100805,0.0,0.0
90953,1.0,1.0
2761,1.0,1.0
102079,0.0,0.0
100473,0.0,0.0
183349,0.0,1.0
100976,0.0,0.0
48817,1.0,1.0
261645,1.0,1.0
101684,0.0,0.0
15229,1.0,1.0
102442,0.0,0.0
102570,0.0,0.0
31650,1.0,1.0
101935,1.0,0.0
84241,1.0,1.0
102764,1.0,0.0
101330,1.0,0.0
97043,1.0,1.0
100545,0.0,0.0
53000,1.0,1.0
100990,0.0,0.0
102213,0.0,0.0
230825,1.0,1.0
63382,1.0,1.0
101550,0.0,0.0
100687,1.0,1.0
101303,0.0,0.0
237719,1.0,1.0
184482,0.0,1.0
100488,0.0,0.0
251644,1.0,1.0
100189,0.0,0.0
102095,0.0,0.0
122115,1.0,1.0
221950,0.0,1.0
101620,0.0,0.0
101463,0.0,0.0
10272,0.0,0.0
100536,0.0,0.0
100432,0.0,0.0
286279,1.0,1.0
100617,0.0,0.0
221805,1.0,1.0
101820,0.0,0.0
120292,1.0,1.0
100239,0.0,0.0
100246,0.0,0.0
100531,0.0,0.0
100460,0.0,0.0
102699,0.0,0.0
298132,1.0,1.0
281321,1.0,1.0
196096,1.0,1.0
10179,1.0,0.0
100493,0.0,0.0
228326,1.0,1.0
102824,0.0,0.0
101735,0.0,0.0
103944,1.0,1.0
109888,1.0,1.0
102395,0.0,0.0
102174,0.0,0.0
81821,0.0,1.0
204218,1.0,1.0
100781,0.0,0.0
102563,0.0,0.0
242465,1.0,1.0
337533,0.0,1.0
100551,0.0,0.0
136766,1.0,1.0
100562,0.0,0.0
100390,0.0,0.0
100054,1.0,0.0
322831,0.0,1.0
100108,0.0,0.0
179955,1.0,1.0
23622,1.0,1.0
101084,0.0,0.0
100784,0.0,0.0
102813,0.0,0.0
102485,0.0,0.0
101099,0.0,0.0
101103,0.0,0.0
10085,0.0,0.0
101541,0.0,0.0
99120,1.0,1.0
102343,1.0,0.0
101504,0.0,0.0
152501,1.0,1.0
237356,0.0,1.0
102696,0.0,0.0
102464,0.0,0.0
119547,1.0,1.0
100544,0.0,0.0
102039,0.0,0.0
69985,1.0,1.0
65444,1.0,1.0
265770,1.0,1.0
10203,0.0,0.0
100498,1.0,0.0
102374,0.0,0.0
106349,1.0,1.0
101553,0.0,0.0
320496,1.0,1.0
100825,0.0,0.0
102226,0.0,0.0
32093,1.0,1.0
300996,1.0,1.0
102331,0.0,0.0
70868,1.0,1.0
252687,0.0,1.0
101314,0.0,0.0
125765,1.0,1.0
289009,1.0,1.0
102380,0.0,0.0
301466,1.0,1.0
19568,1.0,1.0
287285,0.0,1.0
101124,0.0,0.0
307556,1.0,1.0
161990,1.0,1.0
232583,1.0,1.0
10155,0.0,0.0
100331,0.0,0.0
100630,0.0,0.0
305773,1.0,1.0
163831,1.0,1.0
101189,0.0,0.0
153668,0.0,1.0
263233,1.0,1.0
284081,1.0,1.0
102355,0.0,0.0
31826,1.0,1.0
337937,1.0,1.0
100443,0.0,0.0
100657,0.0,0.0
266043,0.0,1.0
101999,0.0,0.0
101781,0.0,0.0
211007,1.0,1.0
202029,1.0,1.0
100276,0.0,0.0
10156,1.0,0.0
10260,0.0,0.0
214200,1.0,1.0
101903,0.0,0.0
272146,1.0,1.0
102150,0.0,0.0
296836,1.0,1.0
102543,0.0,0.0
45391,0.0,1.0
100,0.0,0.0
101600,0.0,0.0
101756,1.0,0.0
102350,0.0,0.0
212639,1.0,1.0
102160,0.0,0.0
206290,1.0,1.0
101938,0.0,0.0
102203,0.0,0.0
100458,1.0,0.0
100127,0.0,0.0
100312,0.0,0.0
101394,0.0,0.0
101619,1.0,0.0
165224,1.0,1.0
102191,0.0,0.0
38241,1.0,1.0
253857,1.0,1.0
100172,0.0,0.0
101677,0.0,0.0
214822,1.0,1.0
247487,1.0,1.0
337373,1.0,1.0
101601,0.0,0.0
102282,0.0,0.0
235642,1.0,1.0
10099,0.0,0.0
83829,1.0,1.0
239394,1.0,1.0
324123,1.0,1.0
33319,1.0,1.0
102069,0.0,0.0
100711,0.0,0.0
257437,1.0,1.0
100886,0.0,0.0
101643,0.0,0.0
118105,1.0,1.0
160239,1.0,1.0
10226,0.0,0.0
100689,0.0,0.0
75746,0.0,1.0
69825,1.0,1.0
75313,1.0,1.0
112562,1.0,1.0
58435,1.0,1.0
274269,1.0,1.0
222308,1.0,1.0
177648,1.0,1.0
101130,0.0,0.0
221942,1.0,1.0
102381,0.0,0.0
28617,0.0,1.0
240967,1.0,1.0
10168,0.0,0.0
101162,0.0,0.0
16018,1.0,1.0
101742,0.0,0.0
100238,0.0,0.0
102618,0.0,0.0
100220,0.0,0.0
102560,0.0,0.0
101460,0.0,0.0
10263,0.0,0.0
37869,1.0,1.0
172173,1.0,1.0
101483,0.0,0.0
101933,0.0,0.0
285541,0.0,1.0
4436,1.0,1.0
47073,1.0,1.0
101107,0.0,0.0
100826,0.0,0.0
102416,0.0,0.0
122345,1.0,1.0
67740,0.0,1.0
102780,0.0,0.0
162149,1.0,1.0
26334,1.0,1.0
102819,0.0,1.0
319323,1.0,1.0
1630,1.0,1.0
101075,0.0,0.0
93398,1.0,1.0
30299,1.0,1.0
100468,0.0,0.0
226311,1.0,1.0
189039,1.0,1.0
101844,0.0,0.0
100187,0.0,0.0
313958,1.0,1.0
86471,1.0,1.0
54252,1.0,1.0
10065,0.0,0.0
13690,1.0,1.0
10014,0.0,0.0
62899,1.0,1.0
45060,1.0,1.0
101171,1.0,0.0
100018,0.0,0.0
10180,0.0,0.0
145176,1.0,1.0
100274,0.0,0.0
62408,1.0,1.0
101506,0.0,0.0
294952,1.0,1.0
100255,0.0,0.0
68361,1.0,1.0
66578,1.0,1.0
238604,0.0,1.0
100444,1.0,0.0
100565,0.0,0.0
321472,1.0,1.0
101378,0.0,0.0
37751,0.0,1.0
101794,0.0,0.0
100896,0.0,0.0
102120,0.0,0.0
100647,1.0,0.0
101219,0.0,0.0
101764,1.0,0.0
101027,0.0,0.0
225876,1.0,1.0
100454,1.0,1.0
58743,1.0,1.0
253105,1.0,1.0
177075,1.0,1.0
193526,1.0,1.0
102437,0.0,0.0
98573,1.0,1.0
102313,0.0,0.0
1007,1.0,0.0
75812,1.0,1.0
78799,1.0,1.0
193754,1.0,1.0
100750,0.0,0.0
101495,0.0,0.0
101824,0.0,0.0
101478,0.0,0.0
102490,0.0,0.0
100974,0.0,0.0
126145,1.0,1.0
101487,0.0,0.0
101545,0.0,0.0
102183,0.0,0.0
101437,0.0,0.0
100123,0.0,0.0
101367,0.0,0.0
101757,1.0,0.0
10022,0.0,0.0
100736,0.0,0.0
102585,0.0,0.0
164555,0.0,1.0
102747,0.0,0.0
101241,0.0,0.0
102513,1.0,0.0
60801,1.0,1.0
100538,0.0,0.0
123901,1.0,1.0
115430,1.0,1.0
239990,0.0,1.0
100248,0.0,0.0
214338,1.0,1.0
240947,1.0,1.0
241,1.0,1.0
290480,1.0,1.0
104373,1.0,1.0
100007,1.0,0.0
318957,1.0,1.0
285633,1.0,1.0
100514,0.0,0.0
100708,0.0,0.0
19087,1.0,1.0
238756,1.0,1.0
101455,0.0,0.0
127505,1.0,1.0
234462,1.0,1.0
102247,0.0,0.0
101996,0.0,0.0
101609,0.0,0.0
211781,1.0,1.0
72327,1.0,1.0
171482,1.0,1.0
262114,1.0,1.0
281630,1.0,1.0
101914,0.0,0.0
230740,1.0,1.0
318785,1.0,1.0
100755,1.0,0.0
101195,0.0,0.0
133612,1.0,1.0
10028,0.0,0.0
5474,1.0,1.0
304092,1.0,1.0
299753,1.0,1.0
121300,1.0,1.0
46290,0.0,1.0
100393,0.0,0.0
100550,0.0,0.0
100527,0.0,0.0
261650,1.0,1.0
102592,0.0,0.0
220488,0.0,1.0
100865,0.0,0.0
146810,1.0,1.0
277906,1.0,1.0
267683,1.0,1.0
100177,0.0,0.0
38254,1.0,1.0
100175,0.0,0.0
1025,0.0,0.0
101927,1.0,0.0
63006,1.0,1.0
101593,0.0,0.0
10208,0.0,0.0
101428,0.0,0.0
101852,0.0,0.0
301641,1.0,1.0
311856,1.0,1.0
279801,1.0,1.0
277955,1.0,1.0
132987,1.0,1.0
10033,0.0,0.0
48365,1.0,1.0
100948,0.0,0.0
177528,1.0,1.0
102457,0.0,0.0
100407,1.0,0.0
222203,1.0,1.0
182701,1.0,1.0
100058,0.0,0.0
101057,0.0,0.0
166895,1.0,1.0
101803,0.0,0.0
178257,1.0,1.0
260711,1.0,1.0
100984,1.0,0.0
216252,1.0,1.0
5683,1.0,1.0
101448,0.0,0.0
151665,1.0,1.0
119932,1.0,1.0
101315,0.0,0.0
80600,0.0,1.0
312677,0.0,1.0
102722,0.0,0.0
102135,0.0,0.0
101906,0.0,0.0
101800,0.0,0.0
101564,0.0,0.0
1010,0.0,0.0
100102,0.0,0.0
102498,1.0,0.0
101983,0.0,0.0
162761,1.0,1.0
74267,1.0,1.0
171241,1.0,1.0
260631,1.0,1.0
101725,0.0,0.0
102221,0.0,0.0
287519,1.0,1.0
100512,0.0,0.0
101227,0.0,0.0
100744,0.0,0.0
315743,1.0,1.0
102330,0.0,0.0
325516,1.0,1.0
102047,0.0,0.0
10009,0.0,0.0
100008,0.0,0.0
297209,0.0,1.0
183804,1.0,1.0
111967,1.0,1.0
183013,1.0,1.0
88284,1.0,1.0
102345,0.0,0.0
119156,1.0,1.0
6196,1.0,1.0
10042,0.0,0.0
102576,0.0,0.0
101528,0.0,0.0
284387,1.0,1.0
102603,0.0,0.0
100643,0.0,0.0
101570,0.0,0.0
234599,1.0,1.0
100737,0.0,0.0
101139,1.0,0.0
26788,1.0,1.0
152461,1.0,1.0
100913,0.0,0.0
102658,0.0,0.0
194881,1.0,1.0
101210,0.0,0.0
279062,1.0,1.0
281050,1.0,1.0
281533,0.0,1.0
208145,1.0,1.0
101061,0.0,0.0
301827,1.0,1.0
325919,1.0,1.0
10246,0.0,0.0
100278,0.0,0.0
1,1.0,0.0
13246,1.0,1.0
101250,0.0,0.0
100813,0.0,0.0
193621,1.0,1.0
102245,0.0,0.0
300273,1.0,1.0
151942,1.0,1.0
100666,0.0,0.0
30120,1.0,1.0
270838,1.0,1.0
101383,0.0,0.0
41215,1.0,1.0
101916,0.0,0.0
100495,0.0,0.0
94840,1.0,1.0
102376,0.0,0.0
101193,0.0,0.0
10124,0.0,0.0
101636,0.0,0.0
100639,0.0,0.0
194506,1.0,1.0
172739,1.0,1.0
284531,1.0,1.0
202061,1.0,1.0
101863,0.0,0.0
10252,1.0,0.0
323253,1.0,1.0
224807,1.0,1.0
101814,1.0,0.0
102593,0.0,0.0
102682,0.0,0.0
101175,0.0,0.0
100000,0.0,0.0
330252,1.0,1.0
89597,0.0,1.0
145442,1.0,1.0
6832,1.0,1.0
7798,0.0,1.0
10030,0.0,0.0
198823,1.0,1.0
102630,0.0,0.0
100835,0.0,0.0
125901,1.0,1.0
102243,0.0,0.0
102076,0.0,0.0
10190,0.0,0.0
100235,0.0,0.0
234849,1.0,1.0
282273,1.0,1.0
286797,1.0,1.0
101741,0.0,0.0
107503,1.0,1.0
10029,0.0,0.0
101277,0.0,0.0
10121,0.0,0.0
101955,0.0,0.0
14665,1.0,1.0
12167,1.0,1.0
101064,0.0,0.0
175450,1.0,1.0
34566,1.0,1.0
1011,0.0,0.0
99633,1.0,1.0
209002,1.0,1.0
101080,1.0,0.0
121238,1.0,1.0
102141,0.0,0.0
101132,0.0,0.0
102032,0.0,0.0
100375,1.0,0.0
101867,0.0,0.0
101648,0.0,0.0
101667,0.0,0.0
240248,1.0,1.0
102521,0.0,0.0
102063,0.0,0.0
116867,1.0,1.0
101826,0.0,0.0
239218,1.0,1.0
101762,0.0,0.0
101325,0.0,0.0
22781,1.0,1.0
90098,1.0,1.0
102694,0.0,0.0
306480,0.0,1.0
101662,1.0,0.0
100967,0.0,0.0
195321,1.0,1.0
97089,1.0,1.0
101332,0.0,0.0
102782,0.0,0.0
100197,0.0,0.0
307029,1.0,1.0
102600,0.0,0.0
101340,0.0,0.0
101902,0.0,0.0
26427,1.0,1.0
299179,1.0,1.0
101238,0.0,0.0
101828,0.0,0.0
88665,1.0,1.0
10202,0.0,0.0
54309,1.0,1.0
292415,1.0,1.0
102509,0.0,0.0
284174,1.0,1.0
324830,0.0,1.0
102055,1.0,0.0
100951,1.0,1.0
179569,1.0,1.0
102700,0.0,0.0
100956,0.0,0.0
117845,1.0,1.0
10119,0.0,0.0
100216,0.0,0.0
186893,1.0,1.0
101449,1.0,0.0
244434,1.0,1.0
100231,0.0,0.0
114673,1.0,1.0
241224,1.0,1.0
10250,0.0,0.0
102551,0.0,0.0
224806,1.0,1.0
311748,1.0,1.0
102572,0.0,0.0
244239,1.0,1.0
10095,0.0,0.0
162458,1.0,1.0
100475,0.0,0.0
337398,1.0,1.0
1015,0.0,0.0
241576,1.0,1.0
216874,1.0,1.0
48962,1.0,1.0
11602,1.0,1.0
186643,1.0,1.0
56633,1.0,1.0
10097,1.0,0.0
156851,1.0,1.0
100528,0.0,0.0
100897,0.0,0.0
102038,0.0,0.0
100076,0.0,0.0
10277,1.0,0.0
275474,1.0,1.0
102046,1.0,1.0
101401,0.0,0.0
100492,0.0,0.0
10135,0.0,0.0
191411,1.0,1.0
200672,0.0,1.0
101710,0.0,0.0
338241,1.0,1.0
95026,1.0,1.0
63418,1.0,1.0
100466,0.0,0.0
101785,0.0,0.0
105156,0.0,1.0
101399,0.0,0.0
243009,1.0,1.0
101661,1.0,0.0
232040,1.0,1.0
195420,1.0,1.0
100949,0.0,0.0
101978,0.0,0.0
101355,0.0,0.0
100471,0.0,0.0
260728,1.0,1.0
102638,0.0,0.0
101544,0.0,0.0
253441,1.0,1.0
101424,0.0,0.0
100523,0.0,0.0
16116,1.0,1.0
101447,0.0,0.0
100010,1.0,0.0
101098,0.0,0.0
10159,0.0,0.0
184717,1.0,1.0
154831,1.0,1.0
203184,1.0,1.0
102791,0.0,0.0
19773,0.0,1.0
102685,0.0,0.0
102329,0.0,0.0
101625,0.0,0.0
100209,0.0,0.0
223999,1.0,1.0
